6527317.31
1 5030
2 3613
3 7763
4 5960
5 9241
6 7515
7 7232
8 5204
9 6985
10 7871
11 174
12 3702
13 8008
14 6797
15 7867
16 4588
17 8934
18 5426
19 2428
20 9506
21 5983
22 1574
23 5616
24 9264
25 3764
26 7531
27 9667
28 6047
29 1244
30 3891
31 861
32 6465
33 4644
34 3083
35 3844
36 4367
37 4694
38 828
39 6381
40 1612
41 2807
42 4846
43 7380
44 3067
45 9171
46 3518
47 7759
48 3092
49 897
50 6539
51 6772
52 4571
53 4732
54 9017
55 1200
56 1711
57 3682
58 2531
59 7124
60 3085
61 7753
62 8898
63 885
64 8989
65 3875
66 7379
67 1227
68 541
69 1323
70 3786
71 348
72 1222
73 1852
74 3597
75 6941
76 2306
77 9307
78 1132
79 4892
80 4375
81 1150
82 310
83 7881
84 2685
85 8800
86 6251
87 3183
88 9578
89 251
90 7563
91 7795
92 7597
93 6054
94 6970
95 3793
96 5626
97 6887
98 4998
99 4863
100 7897
101 3044
102 589
103 9736
104 3427
105 1051
106 9276
107 5958
108 4345
109 9597
110 3406
111 8976
112 4386
113 5731
114 7490
115 8601
116 5597
117 4549
118 3372
119 3256
120 3769
121 8657
122 3635
123 8914
124 6043
125 6180
126 1525
127 1902
128 5712
129 6724
130 7332
131 7572
132 3772
133 6075
134 7359
135 2574
136 9215
133 137
138 9359
139 9888
140 640
141 6750
142 3365
143 851
144 1698
145 5136
146 9121
147 9795
148 2465
149 1740
150 8627
151 4149
152 228
153 3400
154 2632
108 155
156 2824
76 157
158 4777
159 3506
160 6142
161 7729
162 1326
163 7439
164 4403
165 1512
166 2986
167 1611
168 6168
169 2299
170 1884
171 480
172 4789
173 5176
174 4515
175 2058
176 3467
177 6511
178 4447
179 3066
180 6684
181 5684
182 747
183 7844
184 8228
185 6209
186 2616
187 2012
188 9288
189 4135
190 5182
191 9250
192 624
193 2367
194 7629
195 4238
196 1428
197 7897
198 4096
199 3097
200 862
201 4262
202 2893
203 7936
204 9443
205 257
206 8325
207 2918
208 7542
209 8430
210 1351
211 8686
212 1002
135 213
214 5040
215 9658
216 3844
217 1508
218 274
219 5091
220 7141
221 4699
222 8858
223 5039
224 1042
225 1308
226 8384
227 7728
228 636
229 4325
230 8581
231 9421
232 6264
233 239
234 6347
235 9098
236 6355
237 4797
238 9792
239 1519
240 3966
241 5321
242 9696
243 6991
244 5980
245 3376
246 8244
247 2752
248 3310
249 6042
250 461
251 663
252 7493
253 7267
254 6258
255 7047
256 776
257 8687
258 7193
259 6952
260 7133
261 9625
262 543
263 4402
264 6770
265 8452
266 6853
267 7737
268 3999
269 6845
270 9054
271 9810
272 4354
273 4002
274 2969
275 3993
276 1545
277 6249
278 7934
279 5560
280 5596
281 8913
282 4666
283 1486
284 3407
226 285
286 6764
287 3680
288 5381
289 5084
290 6766
291 6030
292 9740
293 9491
294 1359
295 5650
296 6210
153 297
161 298
299 9619
300 2326
301 8313
302 5167
303 3952
304 9504
305 1520
306 3250
307 3376
308 8520
309 6496
310 5399
311 2589
312 3756
313 9235
314 9900
315 4566
316 3690
317 3199
318 1495
319 426
320 8525
321 6325
322 6865
323 6039
324 9914
325 3237
326 7940
327 8817
328 4683
329 5795
330 816
331 9043
332 2935
333 6302
334 2845
335 2078
336 1601
337 7447
338 7998
339 2169
340 8416
341 8574
342 1581
343 7346
344 2718
345 4453
346 1298
347 4163
348 9343
349 6001
350 9738
351 4857
352 6007
353 1114
354 2933
355 5817
356 445
357 3141
358 2029
359 7018
360 695
361 7315
362 8249
363 5264
364 8951
365 6491
366 4317
367 8806
68 368
369 8565
370 1529
371 2347
372 3393
373 5639
374 3420
375 4192
376 7109
377 9176
378 5284
379 6959
380 7228
381 5828
382 3923
383 500
384 6712
288 385
386 1361
387 4366
388 5331
389 5053
390 7919
391 5473
0 392
393 7673
394 7459
395 5782
396 1006
309 397
398 4772
399 8721
400 1982
401 7404
402 3535
403 5221
28 404
405 7531
406 1274
407 4939
408 8263
409 4474
410 9718
411 2832
412 9760
413 9893
414 8062
415 960
416 8767
417 9659
418 5172
419 3869
420 2131
421 2041
422 4387
423 901
424 8542
425 5292
426 1809
21 427
428 1167
429 1958
430 6695
431 5541
432 3931
433 2973
434 2354
435 1348
436 3077
437 1010
438 8376
439 5187
440 8098
441 4657
442 4031
443 8898
444 7303
445 3238
446 881
447 864
448 9649
449 6860
450 1786
451 3617
452 3831
453 587
454 3665
455 1235
456 7753
457 3994
458 2186
210 459
264 460
461 1510
462 3445
463 3863
464 1426
465 9516
466 4007
467 5240
468 3128
469 4685
470 6467
471 8230
472 5339
473 7667
474 7367
475 7610
476 1956
477 1240
478 3412
479 4152
480 516
481 3825
482 8582
483 5108
484 1015
485 7690
246 486
487 7510
488 6689
489 2129
490 5930
491 9924
492 8233
493 7604
494 7846
495 4410
496 8181
497 7378
498 7898
499 5066
500 4913
103 501
502 1968
503 8218
504 1596
505 7202
506 1056
507 5635
508 3375
509 6939
510 2571
511 9049
512 9779
513 1846
514 4215
515 4712
516 5863
517 8618
518 8452
519 1930
520 6983
521 3221
522 6353
523 2440
524 6975
525 2377
526 7331
527 696
528 4570
529 4917
400 530
531 2889
532 7185
533 7305
534 7072
535 9027
536 2894
537 857
538 7156
539 2833
540 3265
541 1693
542 900
543 6637
544 4506
545 4885
546 6948
547 9806
302 548
549 3625
550 2330
551 2335
552 3802
553 4570
554 5454
408 555
556 5451
557 3382
558 1590
559 5234
136 560
561 9402
562 3406
563 8415
564 9740
565 4547
566 7079
567 8684
568 6091
569 646
570 3758
571 7806
572 2338
573 8154
574 7935
575 5361
576 2165
577 9973
578 4376
229 579
580 3633
581 9670
582 2475
583 1049
584 1605
585 7974
586 4861
587 884
588 2492
589 4236
590 9585
591 1456
592 5995
593 2414
594 9910
595 1027
596 6287
597 2587
598 1451
599 8060
600 5152
601 5411
602 815
603 1682
604 3679
605 1176
606 4544
607 7215
608 1050
609 6476
610 4525
611 1069
612 7564
613 4544
614 6577
615 4816
616 9750
617 1783
618 5862
619 3002
620 9831
621 2538
622 4640
623 7742
624 6096
625 3051
626 2631
627 9763
628 7807
629 3133
630 6012
631 9954
632 797
633 8747
634 4750
635 1013
636 1569
637 3908
638 6670
639 8343
640 5471
641 3239
642 6044
643 1492
644 8732
645 5750
646 2206
647 8447
376 648
649 9048
650 4792
651 854
652 9918
653 1551
654 4562
655 8547
656 9613
657 5326
658 1614
659 1186
660 3712
661 9993
662 5142
663 7679
664 6496
665 2485
666 1363
667 3482
668 7287
669 6484
70 670
671 9991
672 3346
673 8817
674 6157
675 6512
676 4209
156 677
678 9745
679 9590
680 1841
681 5490
682 9854
683 9903
684 8151
685 8808
686 3868
687 9574
688 2024
689 3287
690 3122
691 5211
692 8347
693 6025
694 9436
695 5482
696 9515
697 1188
698 3251
699 7463
700 9367
701 9789
702 5263
703 6939
704 2975
705 2161
706 6003
707 5244
708 2435
709 6467
710 7644
711 1582
712 3128
713 8074
714 1535
715 9902
716 6124
717 1676
718 6458
719 3700
720 9964
721 7526
722 9089
723 1747
724 8353
725 6229
726 4765
727 5198
728 8879
729 7868
730 950
39 731
732 9134
733 6041
734 5954
735 9972
736 9123
737 9934
738 4573
739 2805
37 740
741 5238
742 4252
743 5496
744 1804
587 745
746 1845
747 6443
748 5466
749 5862
433 750
751 2000
752 3876
753 6002
754 9822
755 6655
756 3818
757 8004
758 1664
759 9036
760 4528
761 4636
762 3296
763 9132
764 1967
765 5621
766 1971
767 5131
768 849
769 5806
770 8615
771 7863
772 3740
773 1346
774 1296
775 2373
776 9026
777 2742
778 4210
779 3001
780 3659
781 1465
782 1983
783 6275
784 8526
322 785
442 786
787 6624
788 4763
789 6349
790 9070
791 4239
792 1917
793 8774
794 9948
795 2634
796 7699
436 797
798 7165
799 4808
800 1830
801 6237
802 3132
803 1572
119 804
805 1481
806 3821
807 8085
808 2229
809 7793
810 8251
811 9720
812 5098
813 8501
814 8172
815 8199
816 2446
817 7994
818 839
819 5896
820 5898
821 4565
822 6190
823 3404
824 3125
825 9601
826 7851
827 9561
828 3779
829 4483
830 3419
831 4592
832 8456
833 3618
834 5851
835 6637
836 6954
837 6358
838 2946
839 926
840 4603
841 5745
842 7182
843 3886
844 8752
845 1438
846 7751
847 7552
848 5830
849 7994
850 3240
851 2151
852 8918
853 4586
854 1695
855 2342
856 4347
857 7199
858 9481
859 1199
860 5867
861 2313
862 5093
260 863
864 3204
865 8056
866 4033
867 7559
310 868
869 3897
870 7355
871 2536
872 7189
873 2706
874 1647
96 875
876 8491
877 5793
878 5825
879 5938
880 7550
510 881
882 5267
883 1931
884 6029
885 2800
886 3054
887 5270
832 888
889 5242
890 4983
891 4512
892 8031
893 3263
894 8601
895 2140
896 6607
897 6105
898 5605
899 9731
900 7929
901 6158
902 2496
903 9619
904 5398
905 5502
906 9353
907 3582
908 9282
909 8976
910 3004
911 7090
912 7125
913 5825
914 4999
915 9895
916 3844
917 7907
918 8856
919 1020
920 6321
921 1577
922 3485
791 923
924 2717
925 5657
926 2583
927 6842
928 4394
929 6855
930 1092
931 6661
932 7229
933 3974
552 934
935 3359
936 5106
937 2072
153 938
939 4207
940 2755
941 1245
942 5486
943 4751
944 5078
945 5232
946 7958
947 2447
948 5936
949 1863
950 6685
951 7138
952 3290
953 7040
954 5068
955 2166
956 5266
957 5145
26 958
959 5943
960 2355
67 961
962 5842
963 5724
964 7996
965 8629
966 3180
967 6712
24 968
969 8528
970 6755
971 6312
547 972
973 4821
974 7460
975 8535
976 8576
977 7727
978 8528
979 6721
980 9704
981 6363
982 7813
983 6034
984 9245
824 985
892 986
987 3333
988 1864
989 8675
990 1182
991 4076
992 7445
993 2768
994 2378
410 995
996 3277
997 4505
998 6582
999 7540
1000 5438
1001 3455
1002 8270
1003 3719
1004 9545
1005 6232
1006 4050
1007 2516
841 1008
1009 7302
1010 8995
1011 2454
1012 8171
1013 7956
948 1014
1015 9715
1016 3780
1017 3193
1018 4113
1019 2413
1020 3466
1021 9588
1022 7380
1023 8741
1024 9347
1025 4502
1026 8227
399 1027
1028 7276
1029 5442
1030 8073
1031 1297
1032 8133
178 1033
1034 6490
1035 8411
1036 7446
1037 3104
1038 1253
1039 8478
1040 8636
1041 8936
1042 7953
1043 8240
569 1044
1045 7114
1046 2261
1047 6751
864 1048
1049 5205
1050 1252
1051 7385
1052 1562
1053 3295
1054 7209
1055 4858
1056 7031
1057 9319
1058 1091
1059 1743
84 1060
1061 2152
1062 4977
1063 5174
1064 3651
1065 3761
1066 1181
1067 6405
1068 6440
1069 2023
1070 7629
1071 6309
694 1072
1073 4294
1074 1263
1075 8074
1076 4091
1077 2959
1078 1105
1079 9075
1080 5723
1081 7915
1082 8426
1083 6097
644 1084
1085 5755
523 1086
1087 4620
1088 5849
1089 4022
1090 4964
1091 8132
1092 4156
1093 5540
1038 1094
1095 3807
443 1096
1097 4108
1098 9468
185 1099
1100 4138
1009 1101
1102 3413
1103 7608
911 1104
1105 9374
1106 4317
315 1107
1108 8888
1109 9200
1110 8946
1111 8170
1112 3218
1113 4110
1114 3392
1115 4816
1116 2067
1117 9833
1118 4136
1119 5599
1120 6531
1121 9190
1122 5810
1123 7849
1124 2646
1125 8328
1126 8315
1127 4538
1128 3073
1129 6654
1130 1262
1131 1519
1132 9501
1133 6204
1134 1325
591 1135
1136 3120
1137 2304
1138 9915
350 1139
622 1140
1141 2416
1142 9044
1143 9743
1144 2726
1145 3703
1146 8001
1147 7316
1148 9643
1149 3587
1150 2947
1151 4593
1152 1620
1153 4214
941 1154
1155 8269
1156 8025
1157 4936
1158 4421
1159 6559
1160 9805
1161 4174
1019 1162
1163 8926
1164 5409
1165 5769
1166 5457
1167 6861
1168 1369
1169 6566
1170 8819
1171 1635
1172 2433
1173 7046
1174 8781
1175 8223
1176 3507
262 1177
1178 1915
1179 9504
1180 1892
1181 5620
1182 1946
1183 2906
1184 3455
1185 1916
1186 3490
1187 8863
1188 1429
1189 9816
1190 9786
1191 1718
1192 9733
1193 3459
1194 3513
830 1195
498 1196
1197 5242
1156 1198
1199 1487
1200 1208
1201 6882
1202 9752
1203 6769
1204 9496
1205 6526
1206 5281
1207 8712
1208 6850
1209 4564
1210 4844
786 1211
1212 4874
1213 2753
1214 7056
1215 5820
1216 9764
1217 6489
1218 1832
1219 9451
1220 9837
1022 1221
1222 9905
472 1223
1224 4479
1225 6573
1226 7435
1227 2243
1228 8445
1229 1790
1230 9342
1231 3083
1232 6596
1233 8756
1234 5260
1235 3115
1236 2353
38 1237
1238 8663
1239 8096
1240 8166
1241 8190
1242 4104
1243 1355
1244 2654
1245 5126
1246 9688
1247 3175
1248 6726
1249 4796
1250 2126
1251 3062
1252 5161
1253 9213
1254 2919
1255 1599
1256 8641
1257 7318
1258 8076
1259 1284
1133 1260
1261 2570
114 1262
1263 9385
1264 4381
1265 1798
1266 2383
1267 1608
1268 2079
1269 5659
1270 4021
1271 8156
413 1272
1273 8769
1274 6819
1275 6242
1276 9339
79 1277
1278 5188
1279 6378
1280 8073
1281 3118
1282 2286
1283 6527
1284 3180
1285 6705
1286 9359
1287 2540
1288 9462
1289 6698
1290 9056
1291 3730
1292 6335
1293 8162
1294 6119
1295 7092
344 1296
1297 7617
1298 2137
310 1299
1300 9421
1301 2819
678 1302
1303 9027
1304 4084
1089 1305
1306 1713
703 1307
1043 1308
1309 6137
1310 8906
1311 8813
1312 9295
1061 1313
1314 5868
1315 5137
723 1316
1317 7571
1318 9887
1319 8056
1320 1362
1321 6672
1322 2738
1323 5582
1324 8618
398 1325
1326 4171
1327 9818
1328 6958
1329 8771
1330 1688
1331 8177
1332 7221
1306 1333
1334 8597
1335 1720
1336 3329
1337 4207
1338 4090
1339 4970
1340 1554
1341 8593
1342 6754
1343 4182
405 1344
1345 3626
1346 8261
803 1347
1348 6174
1349 5327
1350 3451
558 1351
1352 3376
1353 1378
1354 3988
1355 5745
1356 1433
1357 5172
1358 7033
1359 7343
1360 5153
914 1361
1362 7234
1363 9680
384 1364
1365 6250
1095 1366
1367 9699
1368 2609
66 1369
1370 7098
1371 3677
1372 9875
1373 6079
1374 6159
1375 5572
1376 2333
10 1377
1378 1679
1379 5703
1380 9705
1381 7500
1382 9177
1383 1683
1384 3496
1080 1385
937 1386
1387 9703
1388 9220
1389 1449
1390 7845
1391 8225
1392 7537
1393 4211
1394 9295
1395 3836
1396 1876
1397 6391
983 1398
1399 2105
560 1400
1401 7771
1402 4571
1403 6783
987 1404
1405 8502
1406 4629
1407 6517
421 1408
1409 9695
1410 8705
431 1411
1412 5981
1413 7315
1414 7570
1415 3284
1416 3945
1417 2015
1418 3717
385 1419
1420 8382
1421 1933
827 1422
1004 1423
1424 9963
1425 2444
1426 8406
1427 5568
1428 6390
1429 2892
753 1430
1431 1819
1432 3805
1433 9299
1434 1822
1121 1435
1436 8015
1437 3546
1438 5897
1439 2966
1440 7696
1441 8623
1442 9598
1443 3630
1444 9966
1445 4565
1076 1446
1447 5268
1448 5276
1449 6295
1450 2782
1451 2412
1452 8742
1453 7464
1454 7721
1455 6144
1456 4009
1457 3282
1458 4282
1459 7365
736 1460
1461 9087
1462 4025
1463 8643
1464 2528
295 1465
1466 7875
1467 3598
1468 3669
805 1469
245 1470
1471 8778
1472 4305
1473 9990
1474 4143
1350 1475
1476 2729
1477 3987
1478 7081
1479 6124
863 1480
1481 4915
1482 1542
1483 8940
1484 3667
1485 2927
1486 5467
1487 2542
1488 9323
1489 6743
1490 9184
301 1491
1492 5061
1493 9472
902 1494
1495 5496
1496 3357
1497 8424
1498 2995
1499 8701
1500 1550
1501 2011
1502 1818
1503 1911
1504 4209
1264 1505
1506 5472
1066 1507
1508 2658
1333 1509
1510 4773
1511 5376
1512 8707
287 1513
1514 8957
1515 7207
1516 2995
1517 3249
1518 6759
1519 7171
1520 6099
1521 8198
1413 1522
1523 9909
1524 5337
1525 3312
1526 9617
1527 7851
1528 5316
1529 8562
1530 8991
1531 7835
1532 5610
1533 7794
1534 7489
1535 2076
1536 6022
1537 7939
614 1538
1539 5470
1540 9924
167 1541
1542 2925
1543 6750
1544 3356
1545 7757
1546 3245
1547 3077
1548 7786
1549 9254
7 1550
1551 9266
1552 7443
359 1553
1554 8285
1555 2928
1556 7768
1557 8081
1558 3055
1063 1559
1560 9483
1561 8622
1562 5933
1563 3608
1564 5114
304 1565
1566 7319
1567 7957
620 1568
1569 1659
1104 1570
1571 1758
965 1572
508 1573
1574 2593
986 1575
1576 2148
1577 9159
1578 7388
1579 1762
1580 6696
1581 6421
1582 9048
1583 3846
1584 5786
1585 8651
999 1586
1587 5468
1588 7821
1589 3526
1590 6992
1591 1757
1592 2918
1593 9564
1594 2598
1595 7136
1596 1867
1597 5334
1598 8247
90 1599
1600 5394
1601 7048
1602 2411
1603 3591
1604 8929
961 1605
1606 3341
1101 1607
89 1608
1609 4436
1610 7330
1611 4407
1612 8644
1613 7111
1614 1709
1615 1894
1616 7539
1044 1617
751 1618
1619 2429
1620 2512
1621 5086
1622 8522
1623 6127
1206 1624
1625 8441
1626 6394
1627 7216
1628 2159
1629 4103
1630 3935
1631 6545
1632 2548
1633 8388
1634 7093
1635 7814
1636 9881
608 1637
1556 1638
1639 9784
1640 6279
1641 6866
1642 6853
1643 1988
1644 2308
1645 3822
428 1646
1647 5629
980 1648
1649 4918
1650 7030
669 1651
1652 8297
1653 2700
1654 5649
1339 1655
1656 9321
1657 8595
1658 6339
1659 4122
927 1660
1661 8455
1662 5561
291 1663
1664 7733
1665 3637
1666 2277
1667 7554
1668 1885
1669 5297
1670 7170
1671 7324
1672 3320
1673 4580
369 1674
487 1675
1676 3441
1677 2019
1678 9052
1679 6924
1680 5205
1681 2648
1682 6401
1683 9677
521 1684
1600 1685
1686 2956
1687 6706
1688 8326
1689 5398
1690 8241
1691 9933
1692 8466
1693 4828
1694 9925
1695 6905
1696 9855
1272 1697
1698 2504
1699 3301
763 1700
1673 1701
1702 3751
1703 5515
1704 6665
409 1705
1706 7555
1707 9545
1708 6242
1709 4315
1710 6761
1285 1711
1712 4615
1713 8786
1714 6790
1715 3757
1716 5054
1717 6583
1718 9057
1719 2276
940 1720
1721 3791
1722 8042
1723 8485
1724 9909
1725 5197
1726 5119
704 1727
1728 6602
1729 9425
1730 7980
1731 4718
1732 7581
1733 5010
1734 9148
1735 5701
1736 8961
1737 8576
313 1738
1081 1739
1740 6675
1741 6857
1742 7748
1126 1743
1005 1744
1745 2777
1746 2336
1747 8302
1748 7239
1749 3470
1148 1750
1751 8002
1752 3653
1753 4080
707 1754
187 1755
1756 7158
1757 9302
1758 8047
1759 7892
1760 3089
1761 3623
1762 9892
1763 4967
1764 8342
207 1765
1766 4623
1767 3293
1768 8768
1769 8335
1770 2847
1771 2936
17 1772
1274 1773
1774 7410
1499 1775
1776 5146
1777 2388
1585 1778
1779 6873
1780 6098
1781 3197
1782 9429
1783 6812
1784 6354
1785 2935
1786 6439
1787 3926
1788 5360
1579 1789
1790 8837
1791 7739
1792 5433
1793 7390
1794 3280
1795 5147
1643 1796
1797 9556
1209 1798
1799 5282
1800 7135
83 1801
1802 6541
1803 9294
1804 9136
1805 5097
1806 4982
1807 8291
1808 9395
243 1809
1810 1821
1118 1811
1110 1812
1425 1813
1814 2160
1815 8112
1816 7173
1416 1817
117 1818
1819 3264
1820 2960
1407 1821
1822 6434
1823 4855
1824 8540
1825 9102
734 1826
1827 3792
1828 2869
687 1829
79 1830
1831 2223
1832 6173
1833 9691
1834 8254
1835 6051
1836 3047
1837 6150
1838 4624
1839 8301
1840 7086
1841 6744
1842 7428
1843 7333
1400 1844
1845 3399
1846 5148
1847 4155
1848 5869
1849 4346
1850 4269
1851 9699
1852 9494
1853 4173
1745 1854
1855 9398
1856 9091
1857 4164
1858 9377
839 1859
1860 6921
1861 2900
1862 9199
1863 7326
1864 5989
1865 4518
1866 4089
1392 1867
1868 4575
1869 2741
1870 3243
1871 6301
1872 5397
1873 3574
1874 9929
1875 9284
1876 5815
1877 2556
231 1878
1219 1879
1880 5702
1881 3911
1882 6894
1883 5821
1884 9278
1885 9076
1886 9386
1887 6880
1888 8457
1889 7668
1383 1890
1891 7692
1538 1892
1893 5048
1894 8497
748 1895
1896 9641
1897 2113
61 1898
1899 6147
1900 7455
1901 2587
1902 2814
1417 1903
1904 4601
1905 3207
190 1906
1907 6520
1029 1908
4 1909
1910 8159
113 1911
1912 2187
1913 9723
1914 2554
1915 6632
1916 5487
1917 2200
1918 9133
1919 5619
1920 7660
273 1921
1922 8779
1923 7126
1924 8983
1503 1925
1926 8639
1927 9708
1928 4416
1929 6036
1930 3319
1931 9170
674 1932
1933 3909
1934 8343
1415 1935
1813 1936
1937 2077
1938 5562
1939 2106
1386 1940
1941 8134
364 1942
1943 2887
1678 1944
1762 1945
1946 6385
1947 2455
1948 2158
1949 3704
1950 4072
1951 6289
1952 5642
1953 8311
1954 3725
1955 2854
1956 4780
1957 8493
1958 3222
1959 8575
1960 8431
1961 7661
1962 6607
1963 7950
1964 8545
1965 5027
1966 7860
1967 2536
1968 7635
435 1969
1129 1970
1971 5554
1270 1972
1973 7266
1974 3384
1975 2691
1976 4430
801 1977
1978 4994
1979 4875
1980 4063
1981 5554
735 1982
1983 5687
1984 8492
1985 7587
1986 4877
1987 7080
1988 2867
1989 3252
1990 5447
1991 3896
47 1992
1993 7663
1994 7226
1995 2597
1996 5354
1997 3172
1998 7874
1999 2291
2000 3440
2001 5037
2002 8533
1074 2003
2004 9003
2005 2014
2006 9318
2007 3326
2008 7838
2009 9349
2010 6884
172 2011
392 2012
437 2013
2014 2691
2015 8603
2016 2234
2017 3724
494 2018
2019 7005
1132 2020
1486 2021
290 2022
2023 8002
2024 2754
2025 4871
2026 4564
2027 7985
2028 5028
2029 3960
2030 5839
2031 2173
756 2032
2033 8738
1571 2034
2035 8741
2036 8248
1041 2037
2038 8517
2039 8371
2040 3080
2041 6986
2042 3275
2043 2689
2044 9438
2045 9345
2046 8377
2047 6145
2048 9303
2049 5557
1818 2050
685 2051
2052 5780
1564 2053
2054 3136
2055 4546
2056 2699
2057 2195
2058 6083
2059 5352
2060 4157
2061 7223
2062 9390
2063 9837
2064 7732
225 2065
1888 2066
2067 2298
2068 7470
2069 7110
2070 3214
2071 6552
2072 7790
2073 8237
1299 2074
2075 8878
2076 9018
2077 8899
739 2078
2079 8358
2080 3697
2081 5341
2082 4188
2083 9260
2084 5823
2085 3388
2086 9608
996 2087
2088 5480
2089 3068
2090 8174
2091 8122
2092 8064
2093 7730
2094 3503
2095 7366
2096 7029
2097 5888
2098 5244
2099 4435
2100 4987
594 2101
2102 3168
2103 9311
2104 6111
115 2105
2106 7063
2107 2126
2108 2924
2109 7271
2110 6988
2111 4181
2112 7224
2113 6136
2114 2240
2115 6101
2116 9497
325 2117
2118 4768
2119 4240
996 2120
2121 5254
2122 4598
2123 6790
2116 2124
1439 2125
1102 2126
2127 3606
2128 4635
1175 2129
2130 2676
2131 9584
2132 6104
2133 3542
2134 8344
2135 8941
2136 9970
2137 2790
2138 2823
2139 8636
2140 7573
2141 3176
2142 3093
1832 2143
2144 2902
2145 5787
2146 9704
1396 2147
1257 2148
2149 3544
2150 4938
2151 4764
2152 8586
490 2153
2154 2397
2155 9631
595 2156
1498 2157
2158 6222
2159 8780
833 2160
2161 6204
2162 6328
2163 7594
2164 9550
2165 6172
1656 2166
2167 6554
2168 6423
2169 3422
2170 8638
930 2171
2172 2975
2002 2173
417 2174
2175 3434
2176 9583
2177 2954
2178 2837
2179 5522
2180 8361
1390 2181
2182 4563
2183 7906
2028 2184
2185 8316
2186 3494
2187 7486
2188 8823
105 2189
2190 2826
2191 4394
2192 3054
2193 7441
2194 9911
2195 4464
2196 8951
2197 4867
2198 5804
2199 3162
2200 6025
2201 6302
2202 2842
2203 2235
2204 2653
2205 8824
2206 8904
103 2207
2208 5555
2209 2680
2210 7034
2211 3677
2212 5961
2213 4963
2214 7514
2215 4669
2216 3759
2217 6541
2218 6107
2219 9732
2220 7297
2221 7207
2222 6584
209 2223
2224 2521
2225 3460
1554 2226
2227 2992
2228 5575
2229 5876
2230 4396
2231 9209
2232 6936
1640 2233
1978 2234
79 2235
2236 4171
240 2237
2238 6904
2239 5728
2240 6614
2241 5615
2150 2242
2243 9118
2244 2392
2245 4831
2 2246
2247 3954
2248 5300
2249 4706
2250 2736
2251 9059
2252 5280
2253 5272
2254 4814
2255 9710
2256 4895
869 2257
2258 5818
2259 9713
2260 9292
2261 5258
2262 7515
2263 9536
2264 7703
467 2265
2266 2958
1068 2267
2268 7245
2269 7723
2270 3428
2271 9079
2272 8782
2273 6376
2274 4835
2275 3917
1165 2276
2277 9642
2278 8610
2279 8052
2280 6863
2281 3808
202 2282
2283 9876
2284 8128
2285 4450
2286 3110
2287 6414
2288 2955
2289 7473
1088 2290
1583 2291
2292 8869
286 2293
2294 3023
2295 7672
1900 2296
2297 4117
333 2298
336 2299
2300 5377
2013 2301
2302 7037
2303 8110
2304 3697
2305 6293
2306 6286
2307 3306
725 2308
51 2309
2310 4321
1493 2311
2312 2917
2313 3570
1312 2314
2315 6148
2316 4444
2317 5420
2318 8045
1574 2319
2320 6911
1409 2321
61 2322
369 2323
1857 2324
2325 2698
2326 6261
2327 8635
2328 6104
1435 2329
1606 2330
2331 5828
2332 5188
2333 9508
1637 2334
2335 8044
2336 6540
2337 9216
2338 8873
2339 6787
2340 9650
2341 6259
398 2342
2343 6947
1085 2344
2345 5790
2346 8835
1630 2347
2348 3182
1816 2349
2350 6940
2351 5904
2352 7347
2353 8522
2354 5867
2355 7647
2356 4567
2357 8364
2358 7674
2359 6226
2226 2360
2361 9653
2362 9305
2363 9852
2364 6488
2365 3753
2341 2366
2367 2423
2368 9128
2369 2596
2370 6656
2371 4019
1174 2372
2373 5887
2374 7820
2316 2375
2376 8183
2377 6460
2378 6533
2379 3870
2380 5336
2381 3011
2382 4539
1829 2383
2384 3081
2385 7016
2386 3683
2387 7904
2388 7504
2389 4806
272 2390
1802 2391
2392 6962
1424 2393
2394 8186
2395 5416
2396 3038
1872 2397
2398 7826
1684 2399
2400 7654
1929 2401
2402 8380
2403 8414
2404 5583
2405 7575
2406 8214
2407 9671
2408 8354
2409 8372
530 2410
2411 3103
2412 7762
2413 3338
2414 6793
2415 6805
1739 2416
2145 2417
365 2418
2419 9379
2420 8201
2421 6701
1907 2422
1616 2423
2424 8965
2425 3204
1311 2426
2427 6493
2428 6614
2429 6561
2430 7889
2431 2510
2105 2432
2433 4519
2434 4880
2435 8736
2436 7078
1957 2437
2438 8130
2439 4221
2440 9885
997 2441
2442 9394
2443 5973
2444 8509
2445 5677
2446 5901
2447 6462
2448 7810
275 2449
2402 2450
2451 8439
2452 9357
2453 6402
2454 7357
2455 7306
2456 9710
2457 5729
2458 3784
2459 7279
2460 3148
2461 9637
2462 5309
2463 5905
2464 3248
2465 6130
2466 9167
2467 9724
38 2468
571 2469
2470 9346
2471 6535
1942 2472
2473 8121
2474 6186
2475 6454
2476 6462
2477 2577
2478 7705
2479 5052
2480 8996
2481 5910
2482 2818
2483 7911
2484 3927
1296 2485
2486 4454
2487 9055
2488 7426
2489 4392
2490 4643
2491 7477
2492 5625
1241 2493
2494 6150
2495 7589
2496 9937
1658 2497
1148 2498
2499 3151
2500 4720
2501 9859
985 2502
2503 9429
2504 2626
2505 2673
2506 7227
2507 5800
2508 7405
2509 4444
2510 6236
1407 2511
1410 2512
2513 5905
2345 2514
2515 7872
2516 4334
2517 7552
2518 5502
1909 2519
1153 2520
2521 7509
2522 3468
2523 6515
2524 2762
2525 9889
2526 7307
2527 6836
529 2528
2529 5921
2530 5390
2531 7576
2532 4614
2533 6629
2534 9322
2535 8908
2536 8395
2074 2537
2538 6963
2539 7572
2540 6808
1677 2541
395 2542
2486 2543
2544 6069
2545 6650
2546 5187
2547 2834
2340 2548
2549 8893
2550 5014
2551 4722
2552 5106
2553 8477
148 2554
2555 5339
2556 2628
2557 6126
672 2558
1157 2559
2560 4276
2561 3150
2562 4268
2563 4222
2564 8102
2565 4199
2566 3791
2567 5283
2568 6542
2569 7244
2570 6351
2571 9956
2572 3284
2573 6053
1552 2574
242 2575
945 2576
2577 9317
2578 3905
2579 7347
2580 9399
758 2581
2582 4822
2583 5570
2584 7313
2575 2585
2586 9463
2242 2587
2588 4277
2589 9969
2590 2791
2591 3966
992 2592
2593 3660
2594 3962
2595 4889
2596 4177
2597 9422
1152 2598
2599 9150
2600 2643
2601 6087
1366 2602
1650 2603
2604 8476
488 2605
2606 6586
2607 3731
2569 2608
2609 4995
2610 3454
2611 6153
2612 4930
2613 7562
2614 5291
2615 6458
766 2616
1686 2617
2618 6706
2619 8892
2620 6311
2621 2656
2622 4743
2623 9678
1698 2624
2625 5660
2075 2626
1948 2627
2628 5732
2629 4186
2630 9255
2631 3042
2632 5372
2633 4738
1536 2634
2635 8728
2636 8123
2637 5683
1129 2638
2639 4323
2640 6891
2641 5386
1621 2642
2643 5868
2644 3876
2645 8018
98 2646
2647 3859
697 2648
1939 2649
2650 5346
2283 2651
2652 7608
2653 9354
2654 6493
2251 2655
2196 2656
2657 4232
2658 5640
2659 8204
2660 6827
2661 6373
2662 4619
2663 5096
2664 5243
944 2665
2666 7032
1801 2667
1419 2668
2669 6257
2646 2670
2671 9733
2672 3916
1756 2673
2674 6154
2675 4829
1618 2676
2677 6649
2678 7122
2679 4547
2680 8380
2681 3173
2682 5142
2226 2683
170 2684
396 2685
2686 7115
1028 2687
2688 9552
2689 4982
2690 2797
2691 7014
2692 7830
2693 5146
1748 2694
2695 2931
2696 4748
2697 7332
2698 6740
2699 5604
702 2700
2051 2701
473 2702
2703 4907
2704 7484
2705 7792
2706 8841
2707 3596
1556 2708
2709 8046
2710 4817
2711 5347
1592 2712
2713 8783
2714 8630
2715 8870
2716 5037
2717 4066
2718 4269
2719 5834
2720 6599
2721 9664
2722 7785
2723 7425
2724 4738
1753 2725
2726 3592
2727 4860
2728 4885
2729 6214
2730 6383
2731 4001
2732 4137
2178 2733
855 2734
2735 4679
2736 5623
1473 2737
2384 2738
2739 5128
2740 4839
2741 4077
2742 4763
234 2743
2744 5702
2053 2745
2025 2746
2747 3293
104 2748
2749 9393
2750 4189
2751 7246
2752 9535
2753 3165
2754 5055
2755 3621
2756 6244
726 2757
2758 9094
2759 3465
2760 3495
2761 3867
674 2762
2763 4503
370 2764
2765 7551
2766 8812
303 2767
2768 5504
1194 2769
2770 6563
2771 5501
2772 9390
2773 9021
2774 6236
2775 5427
2776 9857
2777 9008
2778 3586
2779 6247
2780 5379
2781 5100
2782 9109
2783 7772
2784 6086
2260 2785
2786 8846
1469 2787
2788 7573
2789 5537
854 2790
2791 5637
1415 2792
2793 9049
2794 8923
2795 5088
2796 4734
2797 6634
2798 4408
2799 8665
1147 2800
2801 4613
2802 5945
2803 9936
2804 3068
2805 7279
234 2806
2807 5488
2808 4474
2809 8281
2810 6479
2724 2811
2812 8905
2813 9289
2814 8208
2815 9905
2816 5969
2817 3901
2818 9899
2819 7802
2820 8511
439 2821
2822 3050
2823 6806
2824 4197
2825 4550
2826 5970
2827 4150
2828 3541
2829 4056
2830 5533
2831 4133
2267 2832
1457 2833
522 2834
2835 8128
2836 8333
2837 3748
2838 8850
2839 7489
1259 2840
2841 9798
2725 2842
2843 8947
2363 2844
2845 8472
604 2846
2847 4526
1619 2848
2849 7163
2850 7452
1748 2851
2852 4371
2853 8278
2854 8244
2855 9790
2364 2856
2857 6938
2858 3019
2859 3737
737 2860
1036 2861
2265 2862
537 2863
2864 5425
2865 4573
2866 9580
2867 7816
1591 2868
1284 2869
1179 2870
2469 2871
2274 2872
2873 8900
2874 3908
219 2875
2876 8821
2877 3222
2878 5928
2879 9640
2880 4590
1009 2881
2882 5711
2883 8637
2884 2932
2885 6341
2886 4747
2887 9517
2888 8475
2889 7478
2097 2890
2891 9226
2892 9228
2893 8747
2894 9591
799 2895
2896 4371
2897 7178
2898 9819
2857 2899
2900 9632
2901 3014
2902 3481
2903 7840
1191 2904
2905 6525
2906 7074
2907 3957
2908 6201
2909 7715
2910 4062
2417 2911
847 2912
2754 2913
2914 8100
2915 8251
1761 2916
2917 7930
2918 7945
1494 2919
2920 6279
2921 7473
3 2922
1910 2923
2924 7009
2925 8761
2926 3062
2927 9602
688 2928
2929 7300
2930 9674
2931 3164
1162 2932
2933 4785
2934 4102
2935 9456
2936 5026
2937 7075
2938 9769
908 2939
2940 3742
238 2941
2942 9702
2943 6495
1130 2944
2945 9695
2946 9821
2947 8336
1089 2948
2949 9149
2950 9041
42 2951
2952 9950
2953 9325
873 2954
2955 4170
2956 6756
2957 7688
1035 2958
2959 5213
2960 4406
2961 6402
2962 8772
2963 4561
2964 6167
2781 2965
1125 2966
2967 9571
2968 9332
2969 4202
2970 8385
2971 7229
2972 9692
2973 4111
2974 9372
2975 3540
2976 8767
2977 6438
570 2978
2979 9275
2980 7808
2981 8853
2982 4253
2983 9871
2984 9820
1734 2985
2986 3262
2272 2987
2988 6461
2989 3010
2990 6146
335 2991
2992 9579
2394 2993
2827 2994
2995 5761
2996 3658
2997 3294
2998 4048
2999 6945
3000 4208
3001 3617
3002 4521
3003 6875
3004 8588
3005 6582
3006 8677
933 3007
2127 3008
3009 5697
3010 7918
1523 3011
245 3012
3013 5024
3014 4724
3015 4971
3016 9623
3017 8078
3018 6754
157 3019
3020 9155
3021 3448
237 3022
3023 9384
3024 5281
3025 4114
2849 3026
3027 4819
2987 3028
3029 6278
3030 5479
894 3031
3032 6295
3033 7212
3034 5681
3035 6399
3036 9145
3037 7961
1500 3038
3039 6896
3040 5837
3041 7717
3042 7450
5 3043
2860 3044
3045 3052
3046 9529
3047 3210
342 3048
2398 3049
693 3050
599 3051
438 3052
798 3053
3054 9868
2721 3055
947 3056
3057 6763
3058 8959
3059 8551
3060 8080
3061 9027
228 3062
178 3063
3064 5763
3065 3351
2238 3066
266 3067
875 3068
3069 9562
3070 9920
3071 3996
3072 5521
3073 8504
3074 4617
3075 8631
227 3076
3077 6692
3078 7179
3079 3320
3080 6781
3081 5746
3082 7788
3083 8745
3014 3084
3085 7762
3086 6801
3087 3254
3088 9679
3089 5923
3090 3444
3091 8208
3092 4782
3093 9297
203 3094
3095 8743
3096 6978
3097 3126
3098 6213
1959 3099
3100 7202
3101 7858
3102 4166
3103 6899
2075 3104
3105 9922
3106 9812
1078 3107
1259 3108
3109 9863
3110 7092
3111 4972
3112 9208
3113 8175
3114 9841
3115 9187
3116 6004
3098 3117
3118 7670
2710 3119
3120 7169
3121 7797
3122 9104
163 3123
3124 7211
2725 3125
389 3126
3127 6704
3128 5457
2281 3129
1400 3130
3131 9806
3132 8413
3133 4364
3134 9621
3135 7874
2821 3136
388 3137
3138 4446
3139 7379
997 3140
3141 5091
3142 3850
3143 9815
3144 8374
1817 3145
3146 6073
3147 4478
3148 5687
3149 4170
3150 8579
3151 7649
2640 3152
1949 3153
3154 8094
1238 3155
1901 3156
2606 3157
2154 3158
3159 6015
2964 3160
126 3161
3162 3467
3163 5753
261 3164
3165 6131
2172 3166
3167 8039
3168 4554
3169 9373
3170 7406
3171 9111
3172 4614
2110 3173
624 3174
3175 7348
3176 3864
3177 8872
3178 4605
3179 8101
3180 8165
3181 3355
1847 3182
3183 9925
1793 3184
643 3185
3186 8396
1235 3187
3188 7770
3189 9747
2289 3190
3191 4380
3192 7525
3193 8165
2793 3194
3195 6987
2660 3196
3197 4673
3198 8008
1731 3199
1404 3200
423 3201
3202 8567
3203 3749
3204 9633
3205 8126
3206 4231
3207 5472
3208 7598
3209 4561
3210 6608
3211 9192
3212 9904
2663 3213
1368 3214
3215 5392
3216 5094
1984 3217
3218 9879
3219 7025
3220 3675
3221 5271
3222 8055
3037 3223
637 3224
2401 3225
3226 3500
3227 5688
3228 6823
2481 3229
3230 7361
3231 8029
3232 6949
3233 7887
951 3234
3235 3463
3236 6791
3237 5359
2120 3238
3239 4594
3240 4162
3241 8527
3242 8432
3243 7708
3244 6011
3245 4145
3246 5756
2775 3247
3248 5307
3249 3711
2498 3250
3251 7831
1586 3252
3253 9523
3254 6185
3255 4123
1670 3256
1448 3257
3258 3960
780 3259
3260 9596
3261 5330
3262 5222
3263 5445
3264 6085
3265 7618
3266 9845
560 3267
1104 3268
3269 9124
3270 8506
3271 3435
159 3272
3273 8265
3274 6697
3275 7714
1201 3276
3277 6643
3278 4850
449 3279
2724 3280
2727 3281
3282 7190
3283 9981
3284 8648
3285 5461
3286 8474
2526 3287
297 3288
3289 7686
3290 7482
564 3291
180 3292
3293 4116
3294 5855
3089 3295
3296 8611
3297 8330
3298 8465
3299 6160
3300 9808
3301 5736
3132 3302
1862 3303
3304 4572
3305 8229
3306 9239
3307 7289
550 3308
1070 3309
3310 6727
3311 9767
3312 9891
3313 9377
3314 7211
662 3315
3316 8791
1283 3317
3274 3318
3319 3548
2579 3320
3321 3992
3322 8980
3323 4399
3324 7553
3325 4127
3326 4190
825 3327
808 3328
64 3329
3330 8750
1248 3331
3332 6616
3333 6435
3334 6678
1914 3335
3336 8271
3337 8370
586 3338
3339 8714
3340 8995
3341 6840
2113 3342
1371 3343
3344 9162
2460 3345
788 3346
3048 3347
3348 7652
3325 3349
1849 3350
3351 9607
3352 8496
3353 5364
2827 3354
3355 6123
2682 3356
3357 5199
3358 5631
3087 3359
1724 3360
3361 5115
3362 7219
1520 3363
3364 8857
3365 8006
3366 7633
3367 8207
285 3368
3369 4263
533 3370
2269 3371
3372 4632
3373 3580
3374 8950
3375 6072
3376 4330
3377 6428
3378 5988
3379 4634
21 3380
2301 3381
550 3382
1908 3383
1561 3384
3288 3385
3386 3739
3152 3387
256 3388
3389 5798
3390 7331
3391 9904
3392 7036
3393 6260
3394 5705
3395 9512
3396 4511
3003 3397
284 3398
1374 3399
3400 6126
2560 3401
988 3402
2988 3403
3404 7341
1856 3405
3406 5929
3407 4985
3408 9968
1753 3409
3410 7260
888 3411
3412 7617
3413 7215
3414 5872
3415 3840
3416 5192
583 3417
2767 3418
3419 6716
3420 4541
3421 8549
1882 3422
3423 5401
3179 3424
2985 3425
3426 8398
3427 5377
3428 7295
3429 6359
3430 9636
3431 4959
3432 8554
799 3433
2298 3434
3435 9674
3436 5050
3374 3437
3438 8678
3439 3732
3440 4923
3441 8117
3442 6003
2809 3443
3444 5017
3445 6666
3446 3956
3447 5028
3448 9584
3449 7050
2209 3450
936 3451
3452 9471
525 3453
3454 4782
3455 8448
835 3456
3457 8225
1373 3458
3459 5668
1991 3460
430 3461
3462 5560
3463 8884
3464 6627
2243 3465
689 3466
3467 8896
3468 8442
3469 4689
2368 3470
3471 5406
1157 3472
3473 5257
3474 6712
3475 4426
3476 7363
807 3477
3478 7865
2036 3479
3480 9687
3481 6560
3482 6628
3483 4112
1084 3484
3485 9552
3049 3486
3487 6410
3488 8301
3489 7026
3490 5373
8 3491
3492 3862
3269 3493
3494 5638
1034 3495
3496 5169
3497 5493
2553 3498
3499 5692
2452 3500
3501 4954
3482 3502
3503 9974
3504 7772
3505 4433
3506 6545
3507 5132
3508 4602
3509 9823
3510 6248
3511 4501
3512 8265
3513 8242
3514 3813
1580 3515
3516 3770
3517 3771
2997 3518
3519 9970
3520 3976
3521 8216
3522 9596
3523 6344
2403 3524
2246 3525
3526 4864
3527 8917
3528 9668
3529 6081
3530 7466
3531 9911
3530 3532
906 3533
3534 6784
3535 5911
1408 3536
3537 6068
3538 4965
1964 3539
3540 6194
3541 7064
3542 6296
2625 3543
1117 3544
3545 9712
516 3546
3353 3547
3548 3906
1258 3549
3550 8726
974 3551
1811 3552
3553 8990
3554 4052
1088 3555
3556 8585
152 3557
3558 4929
402 3559
3560 6964
3561 4182
3562 9795
1813 3563
3564 9237
2068 3565
539 3566
2148 3567
3568 4803
3569 5941
3570 5708
2994 3571
3572 7437
3573 3727
3574 5623
3575 7669
3569 3576
908 3577
3578 7902
2063 3579
63 3580
3581 9352
2174 3582
3583 6846
3584 6010
232 3585
1217 3586
181 3587
3588 9846
981 3589
3590 7061
3591 8488
3592 7555
3593 6966
3594 5143
3595 4326
1169 3596
3597 5317
45 3598
92 3599
3491 3600
3601 8631
3602 6135
3603 6909
444 3604
3605 4281
3606 8391
3607 4095
1495 3608
3609 9665
1843 3610
3611 9000
3371 3612
1124 3613
3614 4469
1246 3615
3616 6144
3617 7925
3618 8200
1681 3619
3620 4788
428 3621
950 3622
380 3623
3624 4535
3625 5191
3626 6158
3627 7886
3628 3766
3629 4650
3630 7806
3631 6155
3632 8921
2592 3633
154 3634
3635 7535
3636 4770
3637 5126
1634 3638
3562 3639
3640 6840
305 3641
2147 3642
3643 4144
3644 5655
3645 7395
3408 3646
471 3647
3648 4421
3649 9353
3650 4457
1109 3651
1861 3652
3653 6082
3654 6518
1950 3655
3656 7394
3657 9955
3638 3658
2332 3659
1463 3660
3661 6368
582 3662
3663 6567
3664 5485
3665 8981
677 3666
3667 9178
3668 4078
3669 7761
3670 3916
3671 7909
1091 3672
653 3673
3674 6006
2527 3675
1297 3676
3677 4714
3678 3696
3679 9634
3680 5006
2357 3681
3682 8574
3683 6471
3684 5807
451 3685
500 3686
3669 3687
3688 6896
3689 3796
3690 4388
349 3691
2141 3692
3693 4305
2128 3694
3695 4226
1934 3696
2194 3697
3698 7311
3699 5577
3700 8671
3701 9985
471 3702
3703 4858
3704 8290
3705 6837
1416 3706
3707 7343
164 3708
3709 7440
3710 6140
94 3711
2344 3712
3593 3713
3714 4694
3029 3715
3716 8677
592 3717
3718 7913
1918 3719
1785 3720
2093 3721
2444 3722
3723 7374
1884 3724
3725 3874
2702 3726
3727 8752
3728 6878
3729 4915
3070 3730
3731 7908
3732 4638
3733 4341
3734 8422
1609 3735
1705 3736
3737 6824
1332 3738
3739 9475
3740 8678
3741 7156
2602 3742
3743 9811
3744 6272
3745 7174
3746 8146
3747 4296
186 3748
283 3749
3118 3750
3751 6102
3752 5270
3753 3907
3754 5374
2744 3755
3756 4510
1785 3757
2387 3758
2863 3759
3760 5871
1755 3761
3762 8755
458 3763
3764 5936
2584 3765
1749 3766
2489 3767
3593 3768
513 3769
3191 3770
3771 5410
1839 3772
1271 3773
3774 9161
3775 8709
2138 3776
3777 5015
2731 3778
3779 7360
3780 6702
362 3781
3782 9968
3783 7832
3647 3784
2250 3785
3786 7941
3787 7080
3788 5286
3789 9489
700 3790
3791 8904
3585 3792
3793 4568
3794 4731
1443 3795
2550 3796
3797 4859
1144 3798
3799 7575
3059 3800
3801 8246
1751 3802
3803 8504
1005 3804
3805 9308
3806 7904
3807 7035
3808 8097
3809 4133
3722 3810
2275 3811
2386 3812
902 3813
3814 6564
3815 8116
3027 3816
3067 3817
625 3818
3819 3919
3820 5253
3821 5431
3822 9842
3823 4914
3824 9810
3825 7718
3826 8864
1204 3827
3828 6786
3829 8388
3830 6294
3831 7002
2529 3832
3833 8284
3834 7217
1163 3835
3836 8513
1070 3837
1965 3838
2141 3839
3840 7769
3841 5149
3708 3842
3843 8702
3844 9850
886 3845
3846 8157
2429 3847
3848 8035
3849 4503
366 3850
3851 3879
3852 6766
3387 3853
3854 6527
3855 8510
376 3856
3857 3859
1302 3858
3859 6986
3860 9896
3861 5173
3862 5089
864 3863
3603 3864
3865 5391
3866 9589
3867 4307
3868 9056
3869 6876
823 3870
3430 3871
3872 9709
1384 3873
1766 3874
3278 3875
2189 3876
3877 6726
3878 9108
1614 3879
3747 3880
3881 8584
3882 6026
3153 3883
452 3884
2118 3885
3886 5016
2926 3887
3888 7366
3889 6501
1817 3890
3123 3891
3892 5203
2797 3893
3894 4300
3895 4707
1503 3896
3897 6068
3898 5254
792 3899
2287 3900
3901 8444
3902 7491
1837 3903
3904 6064
3321 3905
3906 6581
3907 7419
3664 3908
3909 7727
3910 5196
3911 4476
3912 6284
3129 3913
3914 7101
3915 4806
3916 7654
3917 5696
1497 3918
3919 5032
3920 4119
3921 5313
3922 5847
3923 8490
124 3924
2404 3925
3926 8462
3927 7726
3928 7843
469 3929
3930 7713
3931 5644
3932 4234
3933 8786
3934 4355
3935 3998
3936 7293
1666 3937
3938 5662
3939 9851
3940 6294
1641 3941
3942 8800
3943 8996
730 3944
3945 6581
2848 3946
3947 6095
3948 4094
2034 3949
3950 5972
3951 5768
3936 3952
3953 5463
2182 3954
2741 3955
3956 7230
16 3957
3958 4909
3959 7905
3960 6627
3961 6864
1719 3962
3402 3963
1052 3964
3921 3965
3966 8649
1023 3967
3450 3968
2563 3969
3970 7490
3971 5005
3972 8621
3973 4779
3974 6561
3975 8337
3207 3976
3328 3977
1499 3978
3009 3979
3980 4697
3981 4217
3982 8939
175 3983
3984 5087
3985 5598
3986 6107
3987 6961
993 3988
3989 7256
3808 3990
3991 5837
1256 3992
3993 5263
3994 6459
3995 5758
3996 6639
722 3997
3998 6748
3999 9550
4000 8689
4001 6711
3673 4002
1461 4003
2815 4004
4005 6832
4004 4006
2820 4007
472 4008
4009 6306
15 4010
4011 4703
4012 7069
1441 4013
4014 7089
4015 5127
3680 4016
437 4017
527 4018
3995 4019
4020 5551
4021 5940
3943 4022
3523 4023
4024 6655
4025 7353
4026 9608
4027 9531
2910 4028
4029 7882
4030 8566
274 4031
4032 6892
3438 4033
845 4034
4035 8338
4036 8416
961 4037
2370 4038
2619 4039
4040 9762
4041 9166
4042 4775
2689 4043
3855 4044
4045 9163
3094 4046
4047 9493
196 4048
4049 5824
4050 7334
4051 4963
4052 5060
18 4053
3536 4054
4055 5971
3950 4056
4057 9326
4058 7693
2622 4059
430 4060
3429 4061
4062 8925
638 4063
4064 4389
4065 5315
4066 4369
4067 6377
128 4068
4069 4390
198 4070
4071 7972
4072 5937
1698 4073
4074 5225
4075 6835
3565 4076
2020 4077
4078 8192
4079 4879
2439 4080
4081 7525
4082 6668
4083 9479
4084 7955
4085 7052
1867 4086
4087 4288
4088 7132
4089 5143
4090 5081
372 4091
3269 4092
4093 8570
4094 4289
2374 4095
2535 4096
4097 7269
2813 4098
4099 8432
4100 5387
4101 9532
4102 7577
4103 5986
4104 5844
4105 4430
4106 7981
4107 5298
2055 4108
772 4109
3982 4110
2045 4111
4112 5957
4113 7787
1566 4114
1392 4115
4116 6998
654 4117
4118 7590
4119 7463
4120 5673
4121 8004
4122 6682
4123 8456
4124 6703
534 4125
4126 9811
4127 4383
3145 4128
4129 7354
4130 8042
3649 4131
4132 9261
1293 4133
4134 9521
4135 5914
4136 8854
4137 7707
4138 7946
4139 8559
3828 4140
2711 4141
4142 8820
4143 7067
4144 6893
4145 9964
4146 9252
4147 8646
3472 4148
4149 4933
3750 4150
554 4151
4152 8499
4153 8030
2247 4154
4155 9537
4156 4728
4157 5311
4158 4416
2498 4159
1242 4160
495 4161
4162 6169
4163 9492
4164 4169
4165 8830
4166 9917
4167 8730
4168 6550
3363 4169
4170 5998
4171 7539
1608 4172
4173 9020
4174 6445
1972 4175
4176 8814
3360 4177
4178 5881
4179 5942
4180 5658
1187 4181
4182 8831
958 4183
1954 4184
374 4185
4186 4489
4187 7574
4188 5975
4189 9383
930 4190
4191 9129
4192 9188
4193 4456
4194 9322
862 4195
4196 9403
4197 7769
1362 4198
2044 4199
3882 4200
4201 9685
4202 7927
4203 5348
4204 6794
4205 4432
4206 5157
4207 4811
4208 8211
2217 4209
4210 8179
4211 8755
2239 4212
4213 7178
3544 4214
4215 9700
4216 6371
215 4217
2074 4218
4219 8560
4220 8291
4221 7979
2604 4222
4223 5882
2452 4224
4225 8700
4226 9775
4227 7330
579 4228
2770 4229
2878 4230
2869 4231
4232 5235
223 4233
1668 4234
2822 4235
3708 4236
4237 8023
935 4238
2601 4239
819 4240
4241 6547
4242 5438
213 4243
4244 4452
3800 4245
4246 7993
2909 4247
4248 8604
4249 4727
2479 4250
4251 8561
4252 7588
4253 8662
3967 4254
4255 8883
3205 4256
4257 5392
4258 5477
700 4259
391 4260
1787 4261
4262 7044
4263 5175
1834 4264
3160 4265
4098 4266
1475 4267
4268 8351
4269 9682
36 4270
1784 4271
4272 5452
4273 8997
4274 4973
4275 7444
4276 9025
4277 7824
4278 6532
242 4279
4280 5194
4281 8967
159 4282
4283 9903
4284 7906
4285 7015
4286 6258
4287 4392
923 4288
4289 9650
4290 9410
1155 4291
4292 8003
34 4293
4294 5585
4295 8738
3843 4296
4297 5517
4298 5564
4299 6809
4300 7957
482 4301
4302 8614
1874 4303
4304 5992
4305 6852
4306 8990
4307 9669
2176 4308
4309 8065
4049 4310
4311 6589
958 4312
4313 6588
3817 4314
4315 9298
4316 7299
720 4317
4318 8885
4043 4319
3186 4320
3426 4321
4322 5460
4323 9500
1825 4324
4325 6967
4326 9450
1356 4327
3200 4328
4329 5738
4330 8434
2863 4331
3260 4332
2064 4333
1916 4334
3171 4335
4336 8323
4337 7695
4338 5375
4339 4755
4283 4340
2618 4341
4342 9888
4343 4894
4344 9862
4345 9913
4346 5156
2422 4347
2517 4348
4349 8321
2419 4350
4351 7251
4352 8294
3309 4353
4354 8524
124 4355
4356 5990
4357 8499
3771 4358
212 4359
4360 9751
4361 5892
2286 4362
3764 4363
129 4364
1365 4365
2184 4366
681 4367
4368 4391
4369 6228
3778 4370
2635 4371
4372 5100
4373 4592
4374 5162
1937 4375
4376 9886
1479 4377
4378 9058
4081 4379
2464 4380
4381 9455
1462 4382
4383 7972
4384 6598
4385 5223
4386 8041
3109 4387
4388 9999
2121 4389
1110 4390
4391 5089
4392 6811
3601 4393
4394 7711
2701 4395
4396 7087
4397 6162
4398 9120
4399 8153
2617 4400
2853 4401
4402 6463
4403 7051
4404 5208
2973 4405
4406 5096
3752 4407
2225 4408
4409 8830
4132 4410
4411 9418
4412 9569
4413 5698
620 4414
921 4415
4416 7720
4417 9543
4418 8881
1645 4419
4420 9077
3197 4421
4422 5279
1624 4423
3088 4424
3906 4425
719 4426
1134 4427
4428 6087
4429 5650
3741 4430
1919 4431
714 4432
4433 7500
1341 4434
3538 4435
4436 4826
4437 5829
4438 9388
3247 4439
4440 7687
4441 6013
4216 4442
4443 4910
2212 4444
3521 4445
107 4446
4447 5363
556 4448
4449 8715
4450 9408
2065 4451
4452 7441
4453 5011
4454 9563
2007 4455
4456 7214
1355 4457
4458 6714
4459 9957
4460 6108
4461 7624
4462 5302
4463 6398
2572 4464
4465 8188
4466 9371
2442 4467
1213 4468
4364 4469
4141 4470
1173 4471
4472 6509
2980 4473
2649 4474
189 4475
773 4476
124 4477
1651 4478
4479 4536
4480 7376
3938 4481
4482 4635
1956 4483
615 4484
241 4485
113 4486
2173 4487
3720 4488
3809 4489
4490 4644
1859 4491
2274 4492
2091 4493
4494 6442
4495 8795
2014 4496
2253 4497
4498 4661
2558 4499
2434 4500
4501 8869
4502 9126
3825 4503
1482 4504
4505 7356
2303 4506
156 4507
3556 4508
4509 8932
3259 4510
4511 5417
4512 9088
562 4513
737 4514
250 4515
4422 4516
4517 8856
4518 7693
4309 4519
2688 4520
4521 7735
4522 8966
4523 7448
3452 4524
4525 9524
4526 5444
4527 4548
4528 9405
4529 6403
1024 4530
4531 7805
3707 4532
4533 7493
4534 6722
4535 8182
4536 6556
1871 4537
441 4538
4539 8417
4540 6737
2858 4541
4542 4670
890 4543
3848 4544
2466 4545
3898 4546
4286 4547
4548 8958
4549 6201
1229 4550
4551 6212
2142 4552
50 4553
2334 4554
4555 7385
4556 9744
4557 6515
4107 4558
4559 9686
4560 7405
4561 9192
4562 8647
4147 4563
4564 8278
756 4565
4566 4795
4567 8487
4568 5586
3650 4569
4570 9335
4571 6980
4572 5884
3534 4573
2560 4574
4575 9129
4576 7068
4577 5846
3167 4578
4579 4714
4580 9288
4581 4603
4582 9841
4583 6405
3658 4584
4585 9494
85 4586
425 4587
4588 6487
4589 7887
4590 5453
4591 5588
4592 5955
66 4593
4594 9259
2695 4595
4596 7183
1058 4597
4598 9796
4599 4795
85 4600
4601 6631
4602 6680
4603 5158
4604 7502
4605 6179
4606 7812
4607 5177
2512 4608
4609 8766
4610 5796
4611 8472
1474 4612
54 4613
4614 9365
4615 9553
2375 4616
4212 4617
4618 7497
4619 4707
4620 6648
4621 8447
4622 5375
934 4623
3721 4624
4625 9419
4626 8807
3189 4627
1432 4628
4629 4642
4630 7588
4631 7630
4632 5396
2761 4633
4627 4634
4635 5659
1919 4636
4571 4637
4638 7013
4639 5300
3311 4640
4641 4808
4642 7589
4643 7509
4644 9954
1254 4645
4020 4646
4427 4647
4423 4648
2224 4649
4650 9446
4651 6707
4652 9241
4653 7781
2989 4654
2942 4655
1484 4656
4657 7601
1619 4658
4659 8289
4055 4660
470 4661
4662 7959
4663 8099
1529 4664
3369 4665
1738 4666
91 4667
4668 6340
2716 4669
4670 5759
175 4671
3687 4672
1256 4673
732 4674
4675 5332
4405 4676
4677 9175
4678 8059
4679 5227
4200 4680
4681 9865
4682 5691
4683 9941
4684 8859
4685 8386
4686 5863
4687 9484
4688 9689
887 4689
1626 4690
4691 7382
4692 5532
3777 4693
4088 4694
2627 4695
3548 4696
3271 4697
3788 4698
4699 5789
4700 9791
3736 4701
4702 5340
4012 4703
4704 8828
3084 4705
4706 7362
4707 5216
4708 7694
4709 5942
3636 4710
1473 4711
231 4712
1387 4713
4714 6199
3455 4715
4042 4716
4445 4717
4718 6327
24 4719
4720 6530
4721 6640
4722 9768
3456 4723
3887 4724
4725 4752
4726 6169
4727 8666
4728 9010
529 4729
4730 8439
4731 5807
2699 4732
4733 7281
712 4734
4735 7026
565 4736
831 4737
2665 4738
750 4739
4740 5332
4741 6638
4742 9781
4743 4943
518 4744
1463 4745
4746 6919
4747 8394
4748 5119
1625 4749
4750 8518
4751 8902
2136 4752
1422 4753
4754 8066
4755 7364
4756 9813
3947 4757
4758 6392
4759 6942
4760 8068
2555 4761
4762 4889
2483 4763
4764 6781
4765 8593
4766 9432
3867 4767
2107 4768
1040 4769
2060 4770
4771 6714
4772 8227
4690 4773
112 4774
3303 4775
4776 9154
3392 4777
4167 4778
4779 9488
4780 6732
4781 9110
4782 6953
4783 9742
4784 4846
4785 7424
3052 4786
4787 7757
4788 5549
4271 4789
2934 4790
4791 7281
1466 4792
524 4793
3056 4794
4651 4795
4796 6491
2511 4797
2440 4798
4799 8148
4800 7776
4644 4801
1442 4802
706 4803
4804 9519
2703 4805
4806 9589
3794 4807
3795 4808
4677 4809
4810 8531
1144 4811
4812 9201
71 4813
3432 4814
4815 6972
4816 6226
4817 4825
1397 4818
4515 4819
4820 5249
4821 9879
2236 4822
4823 7700
3955 4824
540 4825
4826 7120
2374 4827
4828 7733
4829 9143
4589 4830
4831 6274
518 4832
652 4833
4834 6434
4835 9499
4836 8670
4837 7549
1603 4838
4681 4839
4840 6334
2434 4841
1943 4842
269 4843
2838 4844
1288 4845
4846 9373
781 4847
1850 4848
4849 6505
3997 4850
740 4851
4852 8222
2862 4853
4854 9263
4855 9878
4856 6340
1162 4857
4858 8720
4859 5008
4860 8620
4861 8750
1011 4862
698 4863
4864 5510
4865 9867
3649 4866
4867 5312
4868 9522
3086 4869
4870 9320
3131 4871
4872 7365
4873 6949
4874 4905
4875 7317
2914 4876
1940 4877
4878 5944
4879 6818
4880 7995
3610 4881
4882 5618
2630 4883
4884 6244
1453 4885
4187 4886
4887 9838
4236 4888
3239 4889
4890 5052
4891 8665
4892 8523
4893 6368
3424 4894
4895 6409
1216 4896
4897 5314
1243 4898
1767 4899
4900 9153
4901 8523
563 4902
2229 4903
4904 8494
2801 4905
2467 4906
4907 8541
4908 9930
4909 5122
1985 4910
4911 9106
4912 5404
3095 4913
3857 4914
4915 9936
496 4916
4917 9688
4339 4918
2293 4919
3480 4920
4921 5966
3572 4922
731 4923
4924 6816
4925 9566
4926 9391
2228 4927
255 4928
4929 8149
2201 4930
4931 9211
3525 4932
3860 4933
2591 4934
4935 5183
4936 7819
4937 9204
4938 9165
4939 6903
3329 4940
3005 4941
4942 5757
4943 6499
4841 4944
4945 5342
2393 4946
2513 4947
4948 5976
4539 4949
4950 9300
4951 9817
295 4952
4953 6245
3629 4954
1689 4955
1935 4956
4957 7680
2998 4958
4959 4993
2448 4960
4961 8141
4962 7408
320 4963
4964 6694
1086 4965
2497 4966
4967 5887
2682 4968
2599 4969
4970 9046
4924 4971
1047 4972
4591 4973
3196 4974
1897 4975
4976 6241
4977 8850
1277 4978
4837 4979
1211 4980
4981 6856
1250 4982
3572 4983
785 4984
1385 4985
4986 9313
4058 4987
4813 4988
4455 4989
4990 6675
4798 4991
4992 9003
4993 5033
739 4994
4995 9971
4996 6116
1516 4997
4998 7310
4999 6854
639 5000
3823 5001
5002 7933
419 5003
426 5004
4266 5005
2246 5006
5007 9627
1559 5008
5009 6492
5010 8656
5011 5530
5012 6891
5013 5251
5014 9726
4219 5015
5016 7274
3428 5017
4397 5018
1889 5019
1533 5020
5021 5990
5022 6495
1260 5023
2501 5024
5025 5102
2598 5026
5027 6553
1675 5028
5029 5225
5030 5518
5031 9962
820 5032
5033 6569
5034 6415
5035 9922
4534 5036
5037 6078
2264 5038
603 5039
4454 5040
5041 7198
5042 5083
4203 5043
5044 7793
5045 6512
5046 7325
3049 5047
802 5048
1745 5049
13 5050
4465 5051
5052 5776
2568 5053
1774 5054
5055 8492
2339 5056
5057 8580
3768 5058
3760 5059
4538 5060
2697 5061
775 5062
4640 5063
5064 7685
3558 5065
5066 7157
5067 7779
5068 6446
3803 5069
3041 5070
5071 8729
1306 5072
3429 5073
5074 6638
470 5075
3638 5076
655 5077
3471 5078
5079 7522
5080 7534
5081 8232
5082 7143
2309 5083
4230 5084
4041 5085
4204 5086
4254 5087
895 5088
5089 6710
3600 5090
5091 6452
2523 5092
4370 5093
5094 8645
5095 8756
5096 7177
4178 5097
1888 5098
5099 7899
3151 5100
5101 5419
5102 7253
5103 6424
2062 5104
5105 9110
5106 9631
5107 8446
2647 5108
1904 5109
217 5110
5111 5568
1182 5112
3185 5113
1973 5114
5115 5940
5116 8281
479 5117
5118 6974
4706 5119
5120 6413
5121 6008
5122 7771
3069 5123
5124 9247
1534 5125
5126 9068
3038 5127
3573 5128
5129 7203
5130 7170
5131 5900
3765 5132
5133 6785
5134 6282
1598 5135
5136 8320
4545 5137
5138 8449
5139 9875
5140 6745
5141 8816
597 5142
4647 5143
184 5144
2889 5145
2651 5146
2437 5147
3336 5148
4378 5149
5150 9287
5151 8838
5152 5226
4057 5153
5154 9616
5155 7204
1990 5156
2305 5157
5158 9113
5159 6110
3517 5160
5161 8033
2746 5162
5163 6348
3378 5164
5165 9299
5166 7469
5167 8103
5168 8214
5169 7006
5170 6610
973 5171
3729 5172
5173 8706
200 5174
5175 7187
5176 8658
275 5177
5178 6468
4224 5179
221 5180
326 5181
5182 7665
5183 5854
3476 5184
3643 5185
5186 8009
5187 8324
5188 6928
703 5189
2285 5190
5191 8276
5035 5192
1249 5193
3468 5194
1327 5195
1269 5196
1726 5197
2885 5198
754 5199
5200 6431
5201 9219
5202 8288
5203 6576
764 5204
2518 5205
992 5206
5207 5403
5208 9496
5199 5209
4771 5210
4338 5211
5212 8443
4267 5213
2655 5214
1496 5215
931 5216
5217 7513
5218 6749
5219 9097
5220 9215
5221 6449
5222 7488
1803 5223
1143 5224
5225 6140
2275 5226
2350 5227
462 5228
5229 5577
5230 6115
4801 5231
5232 7443
2408 5233
2522 5234
5235 6669
5003 5236
5237 8332
898 5238
5239 9844
1652 5240
2678 5241
5242 8322
5243 5262
4891 5244
5245 8666
2263 5246
440 5247
631 5248
5007 5249
4558 5250
5251 6426
5252 9408
1807 5253
5254 8187
5255 5689
962 5256
3039 5257
1865 5258
5259 8544
5080 5260
2043 5261
3736 5262
73 5263
2611 5264
1944 5265
5266 9114
5267 5274
5268 5277
4992 5269
5270 9090
5271 7414
5272 6756
5273 5491
5274 8093
5275 6057
1723 5276
5277 6310
5278 9158
5279 9661
5280 8732
5281 9233
5282 9935
3071 5283
3607 5284
268 5285
5286 9794
4029 5287
5288 5908
5289 7767
5290 8082
5291 8770
517 5292
3002 5293
757 5294
1212 5295
3513 5296
5020 5297
5298 7785
5299 6562
5300 6223
1215 5301
3441 5302
5303 6370
5304 7468
1432 5305
2142 5306
729 5307
5308 8245
5309 8243
5310 9406
5311 6435
5020 5312
5313 5572
5314 5474
2677 5315
5316 9397
5317 6050
668 5318
2266 5319
2380 5320
2786 5321
3595 5322
5323 8273
5324 5698
5325 7422
2873 5326
4154 5327
4631 5328
5329 9547
2624 5330
5331 9700
790 5332
1079 5333
4968 5334
5335 6663
5336 7598
1203 5337
2184 5338
4468 5339
1018 5340
5341 6973
3403 5342
684 5343
1627 5344
3656 5345
5346 7494
993 5347
5348 8703
5349 6500
4018 5350
1538 5351
4684 5352
5353 9854
5354 5824
1501 5355
5356 7247
5015 5357
351 5358
5359 9438
5360 9716
5361 6170
5124 5362
5363 6969
5364 8816
5278 5365
1715 5366
1219 5367
1194 5368
5369 8334
4718 5370
5371 5587
1149 5372
5373 8713
3955 5374
949 5375
5376 8975
5377 5895
4176 5378
5379 7035
2776 5380
2218 5381
2218 5382
5383 7715
5384 7109
403 5385
5386 7451
5387 8076
4246 5388
190 5389
5390 9690
5391 7973
2770 5392
3981 5393
4465 5394
5395 6660
5396 6596
5397 6040
4455 5398
5399 5667
5400 6642
2972 5401
5402 7916
4121 5403
2667 5404
5405 8019
5406 6510
5407 9187
5408 5549
3415 5409
2772 5410
3195 5411
5412 6548
4676 5413
2493 5414
2783 5415
5023 5416
4603 5417
5418 9542
5419 9302
259 5420
4824 5421
1462 5422
5423 9490
843 5424
3914 5425
5426 7518
5427 8540
925 5428
3678 5429
5430 7020
5431 5531
1044 5432
5433 5552
3230 5434
5435 7783
1491 5436
2271 5437
3101 5438
5439 9411
5440 5509
3590 5441
3039 5442
4041 5443
4184 5444
4974 5445
5380 5446
5447 7701
1559 5448
116 5449
4662 5450
5451 9274
168 5452
790 5453
4093 5454
5104 5455
5456 6494
2856 5457
5458 9908
5459 7727
5460 7237
4753 5461
5462 6109
1163 5463
3041 5464
5465 6610
2334 5466
3157 5467
5468 5666
5469 9211
5470 5519
5471 6066
5472 7091
5473 6765
3082 5474
1212 5475
4961 5476
4175 5477
412 5478
5479 6802
2582 5480
1117 5481
5482 9949
485 5483
521 5484
5134 5485
187 5486
2316 5487
4823 5488
1427 5489
5163 5490
527 5491
5492 6817
5493 9386
5494 9930
4938 5495
4308 5496
415 5497
5498 7682
5499 9126
2765 5500
5501 9329
5502 8994
5503 5517
5504 9655
2742 5505
2704 5506
1514 5507
4290 5508
1610 5509
5510 8792
2952 5511
4617 5512
5513 5602
1240 5514
5515 9434
1714 5516
5517 7135
5518 9558
5519 8813
2794 5520
191 5521
3313 5522
3226 5523
3526 5524
5525 8724
1 5526
5527 6523
1123 5528
4278 5529
5530 9955
4949 5531
5532 6421
5533 8964
3361 5534
4028 5535
5536 6497
1196 5537
5538 9037
5539 6342
5540 6063
3477 5541
5542 8886
5543 9222
5544 7946
4140 5545
4263 5546
2908 5547
5127 5548
3453 5549
5550 7183
5551 7117
5094 5552
4466 5553
5554 6470
5555 6746
75 5556
2564 5557
1312 5558
4081 5559
5560 6412
2976 5561
1135 5562
5563 9149
314 5564
3554 5565
2349 5566
5567 9765
4767 5568
5569 5775
95 5570
2042 5571
5572 8144
4440 5573
3990 5574
5575 8550
3849 5576
5577 5788
5578 7722
4349 5579
5580 6049
5581 7879
5582 6628
1290 5583
5584 9679
2652 5585
5224 5586
1221 5587
5588 8286
1657 5589
5 5590
211 5591
5592 8121
5593 5838
5594 5761
1377 5595
5596 5980
1727 5597
5598 7532
5599 7853
4587 5600
1922 5601
2802 5602
3022 5603
525 5604
4086 5605
5606 7399
5607 9355
5608 6647
5609 8277
3010 5610
4059 5611
5612 5834
4934 5613
5614 7672
1057 5615
473 5616
5617 6537
5618 6653
5619 5792
5620 7636
5201 5621
5622 6988
5623 7010
5624 9902
5625 9135
2585 5626
589 5627
5628 7928
5629 5912
5630 8853
5631 7462
1347 5632
5633 5641
5634 9198
5635 7076
5636 6514
5637 9614
5509 5638
5639 8880
4690 5640
3852 5641
2693 5642
3977 5643
4849 5644
5645 8099
4884 5646
4986 5647
3339 5648
5649 9263
2969 5650
5651 6005
2050 5652
1909 5653
5654 7739
5655 6235
5185 5656
227 5657
2854 5658
5659 8848
2983 5660
4174 5661
2524 5662
5663 9510
5664 9399
3442 5665
3880 5666
2488 5667
5668 9061
3571 5669
5072 5670
5671 7547
689 5672
5673 8107
3699 5674
355 5675
5676 8865
1639 5677
2066 5678
3372 5679
2069 5680
942 5681
5682 5740
2705 5683
5684 6738
5432 5685
4744 5686
1994 5687
5688 8241
984 5689
5690 8927
3457 5691
5692 9647
768 5693
2122 5694
5606 5695
1146 5696
1649 5697
1895 5698
2528 5699
4042 5700
5701 7224
5702 7657
5703 6071
2806 5704
903 5705
1996 5706
2737 5707
1318 5708
745 5709
3870 5710
5711 6546
5275 5712
5713 8409
5714 5859
5715 8379
4809 5716
5717 8329
1804 5718
5719 7803
5720 7947
4723 5721
4734 5722
2119 5723
5648 5724
1582 5725
1021 5726
3334 5727
1637 5728
4412 5729
1730 5730
3023 5731
5732 7179
5733 9976
652 5734
850 5735
5736 7155
5737 6639
5738 8088
5739 8250
1253 5740
1430 5741
5001 5742
2900 5743
4035 5744
5745 7512
2329 5746
5747 8839
5464 5748
5749 6415
5750 9618
5425 5751
990 5752
2472 5753
4988 5754
5755 8164
5756 7854
5757 7045
5048 5758
4384 5759
5760 8215
2484 5761
2891 5762
5763 7262
5764 7879
2073 5765
108 5766
5767 6239
3839 5768
5769 6591
5699 5770
1444 5771
1812 5772
1700 5773
5774 7309
3561 5775
3987 5776
4962 5777
5778 8943
1340 5779
3381 5780
5781 6906
5114 5782
5783 9376
1125 5784
5785 8640
1514 5786
612 5787
5038 5788
5772 5789
1391 5790
422 5791
5792 7696
2500 5793
2238 5794
5325 5795
1074 5796
5797 6469
5798 9085
5799 6307
1321 5800
2657 5801
5794 5802
5803 6642
4301 5804
3552 5805
5806 9498
5729 5807
5808 8754
464 5809
2588 5810
5811 7286
5812 6713
4292 5813
718 5814
3881 5815
5816 8067
5082 5817
3567 5818
4471 5819
5820 7096
954 5821
2758 5822
5823 8970
5824 7391
5825 6500
5826 7616
411 5827
5828 6265
3325 5829
5830 6442
3161 5831
3020 5832
2188 5833
5592 5834
5145 5835
192 5836
5837 7417
4273 5838
650 5839
2811 5840
5841 9401
3579 5842
5655 5843
3705 5844
3057 5845
5846 7411
5847 7881
1799 5848
5849 7848
4848 5850
3539 5851
2502 5852
5296 5853
2898 5854
1976 5855
332 5856
5857 8153
2191 5858
5859 8253
5860 6597
4632 5861
5121 5862
613 5863
236 5864
3723 5865
4499 5866
1478 5867
4106 5868
5869 6114
2629 5870
3941 5871
2371 5872
5720 5873
5874 6922
4032 5875
4686 5876
5877 6354
2967 5878
5879 7762
5880 8021
4954 5881
5882 6990
5883 9452
4673 5884
5885 5952
5033 5886
5887 9592
815 5888
5447 5889
3580 5890
2964 5891
2526 5892
5893 7543
5894 8889
504 5895
4569 5896
5897 9882
5898 6113
5899 6679
4446 5900
2204 5901
2220 5902
4792 5903
760 5904
3260 5905
5383 5906
2192 5907
814 5908
5909 7118
5777 5910
4401 5911
5912 8686
2319 5913
4130 5914
5915 6477
3299 5916
2978 5917
1393 5918
296 5919
4003 5920
5566 5921
5783 5922
5923 9220
5924 5946
2831 5925
432 5926
125 5927
3458 5928
3418 5929
5930 6389
5452 5931
4414 5932
685 5933
5934 6451
5935 8832
5608 5936
5937 9298
5938 6513
5939 8271
5940 5962
3483 5941
5942 6049
5943 7153
4918 5944
1992 5945
4288 5946
5947 8114
5674 5948
5949 8304
5950 7418
5951 9675
5952 9536
33 5953
5954 6375
5955 7057
5956 8646
5957 6033
5958 6492
3054 5959
3588 5960
5961 8667
1691 5962
3503 5963
4643 5964
5965 7350
5966 6776
1249 5967
682 5968
4361 5969
5796 5970
5971 7467
2198 5972
5973 6974
1654 5974
4667 5975
4557 5976
5977 7082
5978 9324
5979 9324
1537 5980
5981 9427
5982 7451
3744 5983
5984 6619
5706 5985
1940 5986
1458 5987
4485 5988
5989 9105
4120 5990
5395 5991
5233 5992
1447 5993
32 5994
4246 5995
5996 6061
5997 9437
4788 5998
1108 5999
6000 8987
3263 6001
4896 6002
3431 6003
6004 7054
2026 6005
6006 8587
6007 8557
1986 6008
4523 6009
6010 7127
5072 6011
3396 6012
5274 6013
6014 9537
3956 6015
4509 6016
3826 6017
5390 6018
6019 9259
39 6020
2793 6021
4158 6022
5531 6023
6024 6622
2764 6025
1361 6026
6027 9826
2376 6028
2430 6029
2336 6030
6031 9548
2436 6032
2625 6033
2096 6034
3599 6035
1622 6036
491 6037
132 6038
6039 7194
2395 6040
2467 6041
6042 8109
2710 6043
6044 7042
1285 6045
5057 6046
6047 9013
2048 6048
5534 6049
6050 8145
4404 6051
6052 7839
1293 6053
1689 6054
6055 8386
1733 6056
1401 6057
6058 6506
6059 8462
6016 6060
6061 8760
6062 6734
5771 6063
5827 6064
5494 6065
3942 6066
6067 8410
2416 6068
6069 8326
2296 6070
81 6071
160 6072
248 6073
1903 6074
938 6075
3652 6076
1881 6077
2441 6078
6079 9249
6080 8596
6081 8652
6082 6536
5184 6083
6084 9822
2351 6085
6086 6323
4241 6087
6088 7698
2913 6089
4486 6090
5836 6091
5393 6092
5695 6093
667 6094
4079 6095
5065 6096
641 6097
3967 6098
1594 6099
3802 6100
4606 6101
6102 8843
6103 8331
6104 6273
3912 6105
723 6106
4364 6107
6108 6619
6109 6968
4529 6110
4604 6111
5037 6112
2003 6113
3675 6114
6115 8567
6116 6272
1977 6117
2205 6118
141 6119
760 6120
1842 6121
4251 6122
6123 7453
6124 6502
3166 6125
2257 6126
3890 6127
1320 6128
1696 6129
6130 6408
6131 7474
6132 8591
6133 6747
6134 6436
1987 6135
393 6136
5671 6137
1672 6138
19 6139
2345 6140
6141 7622
4024 6142
6143 7435
1370 6144
5507 6145
6146 9652
6122 6147
5123 6148
6149 8125
6150 7511
5190 6151
3969 6152
5000 6153
4134 6154
5707 6155
1765 6156
1663 6157
5931 6158
6159 9730
6160 6925
4730 6161
3979 6162
714 6163
2118 6164
478 6165
6166 9269
6167 6652
3735 6168
4955 6169
1377 6170
2471 6171
4984 6172
6173 9551
2273 6174
6175 7299
810 6176
6177 6730
4965 6178
935 6179
6180 7890
6181 8348
2749 6182
2812 6183
1229 6184
4161 6185
6186 7377
6187 6893
6188 6575
6189 6327
6190 7619
6191 7764
2875 6192
6193 8162
782 6194
5529 6195
6196 9363
2087 6197
1331 6198
6199 8851
715 6200
4199 6201
2230 6202
6184 6203
6204 9269
4589 6205
501 6206
1778 6207
6208 7180
3889 6209
6210 6889
6211 6783
2445 6212
4160 6213
6214 7569
2245 6215
6216 8591
6217 7457
6218 8839
1562 6219
2623 6220
2193 6221
6222 8339
6223 8134
4322 6224
566 6225
4320 6226
6227 9464
2392 6228
210 6229
6230 9242
1097 6231
6232 7407
5374 6233
6234 7788
6235 7709
2580 6236
6237 6910
1270 6238
6004 6239
6240 6453
5305 6241
448 6242
2787 6243
6244 7850
4428 6245
3799 6246
6247 6906
6248 9378
749 6249
1286 6250
6251 9346
6252 6260
6253 7073
6254 9286
6255 8861
5793 6256
6257 6484
6258 7148
5921 6259
6260 6580
423 6261
5125 6262
6263 8633
4180 6264
842 6265
3703 6266
6267 6270
5641 6268
5795 6269
1938 6270
5326 6271
2819 6272
3312 6273
6274 6644
6275 7862
4048 6276
6277 8061
3510 6278
1294 6279
6280 9073
6281 9655
493 6282
4456 6283
5414 6284
6285 9035
12 6286
2256 6287
6288 7494
2845 6289
1280 6290
6291 9298
257 6292
6293 6465
5851 6294
6295 8753
6296 9454
6297 9272
2077 6298
6299 8952
1526 6300
858 6301
4460 6302
6303 9005
781 6304
4970 6305
3467 6306
2734 6307
6308 6481
1671 6309
5526 6310
1827 6311
6312 8876
6313 9835
6314 8972
1082 6315
658 6316
776 6317
2602 6318
4422 6319
6320 8274
1728 6321
1501 6322
3425 6323
3885 6324
5522 6325
6326 6843
5407 6327
6328 9611
2595 6329
4737 6330
6299 6331
5062 6332
5153 6333
6298 6334
6335 8150
6336 7785
6337 6863
6338 7744
6335 6339
2247 6340
374 6341
931 6342
1941 6343
4719 6344
2317 6345
1912 6346
4692 6347
5146 6348
4304 6349
6350 6795
6351 8422
6352 7205
1085 6353
1782 6354
6355 8229
3688 6356
5927 6357
6358 9147
5688 6359
3147 6360
5551 6361
3843 6362
2125 6363
893 6364
4567 6365
6366 9178
5627 6367
6368 6822
4097 6369
1142 6370
6371 7864
1506 6372
6373 7574
4870 6374
6375 8820
6376 9239
3920 6377
5271 6378
2256 6379
6380 9294
6381 6905
6382 6633
6383 9196
4975 6384
6385 9772
4886 6386
1740 6387
6388 8425
6389 6395
863 6390
6391 9277
6392 6443
6393 6753
6394 7964
5988 6395
6396 9432
6397 9625
6398 8466
6399 6595
6400 7666
1496 6401
5520 6402
6403 8262
6404 6915
3121 6405
3602 6406
5754 6407
2875 6408
6409 9482
1007 6410
5063 6411
970 6412
1699 6413
3495 6414
6415 8408
664 6416
3666 6417
6418 6907
6419 7704
1707 6420
3619 6421
3709 6422
6206 6423
911 6424
5539 6425
5443 6426
6427 6677
4542 6428
6429 6927
2162 6430
3557 6431
6432 8003
2252 6433
5651 6434
2432 6435
5189 6436
3148 6437
6438 8454
2121 6439
5423 6440
386 6441
1090 6442
6443 7591
2463 6444
6224 6445
4893 6446
166 6447
559 6448
6449 6984
5590 6450
4356 6451
5965 6452
1116 6453
3657 6454
2099 6455
6456 7519
366 6457
3065 6458
3410 6459
86 6460
6461 9832
3044 6462
6463 7613
1878 6464
1687 6465
97 6466
1045 6467
3111 6468
6469 8175
6470 7746
6471 8571
6399 6472
6473 9842
5349 6474
3127 6475
3353 6476
3271 6477
3774 6478
3701 6479
3912 6480
6481 6687
6482 7187
3752 6483
6484 9959
4649 6485
6486 8014
5044 6487
5239 6488
2780 6489
2211 6490
3394 6491
1188 6492
3105 6493
6494 9290
3541 6495
892 6496
4990 6497
5413 6498
6247 6499
2135 6500
3732 6501
535 6502
4014 6503
6504 9528
6505 7659
5101 6506
6507 8321
6508 9998
2132 6509
3211 6510
2153 6511
4225 6512
1969 6513
5112 6514
6156 6515
5814 6516
6517 8535
845 6518
4420 6519
6520 9433
6353 6521
2984 6522
4256 6523
1601 6524
3674 6525
6526 7523
1411 6527
1602 6528
6529 6576
1718 6530
896 6531
6532 6946
1564 6533
6534 7804
5391 6535
6536 8569
5885 6537
6538 7798
1669 6539
2540 6540
1467 6541
457 6542
2390 6543
44 6544
278 6545
6546 9431
6547 9293
3691 6548
6549 8349
6550 7577
3305 6551
6552 7089
198 6553
913 6554
4484 6555
6556 7239
5306 6557
6558 9186
4016 6559
6560 8231
6561 8948
14 6562
6563 9555
5101 6564
4461 6565
783 6566
5439 6567
6568 8704
6569 7568
6570 8716
6571 6718
6572 8986
6573 9304
6360 6574
3330 6575
6092 6576
3311 6577
6051 6578
6579 8935
4369 6580
6581 9866
6582 9131
1373 6583
4120 6584
3147 6585
3973 6586
717 6587
4830 6588
6589 7675
6070 6590
3433 6591
419 6592
950 6593
642 6594
2490 6595
4128 6596
6597 7639
6598 8362
4976 6599
6600 7507
6076 6601
6602 8696
6603 9184
2431 6604
3167 6605
2244 6606
4240 6607
6608 9787
4210 6609
5400 6610
6611 8082
6612 8762
4326 6613
4277 6614
6615 7861
6616 9687
6617 9778
328 6618
6619 7521
6277 6620
800 6621
2092 6622
4424 6623
6624 7979
1873 6625
6626 7418
214 6627
1030 6628
5007 6629
4220 6630
1528 6631
6632 9206
25 6633
1380 6634
6635 8461
519 6636
6637 8769
6638 9638
6639 6979
4916 6640
4255 6641
599 6642
561 6643
3564 6644
4881 6645
6153 6646
3097 6647
4972 6648
5678 6649
6650 9214
6268 6651
4778 6652
6653 9766
6654 8402
6655 9738
6615 6656
2083 6657
454 6658
626 6659
1875 6660
5137 6661
6662 6715
6663 9333
6664 8323
5192 6665
2649 6666
4327 6667
602 6668
5350 6669
1578 6670
5628 6671
2472 6672
6673 9824
6674 8311
3930 6675
2471 6676
6677 9724
6678 9582
6432 6679
6310 6680
3281 6681
2394 6682
6110 6683
6034 6684
5346 6685
4940 6686
2559 6687
6688 9572
4978 6689
4191 6690
5968 6691
4377 6692
6693 8612
6694 8013
1513 6695
6020 6696
1448 6697
338 6698
6699 9770
4597 6700
6701 8759
6702 7809
4264 6703
4442 6704
2719 6705
2644 6706
3826 6707
6708 8507
1721 6709
6710 9477
5144 6711
6554 6712
5320 6713
6299 6714
4576 6715
4778 6716
6717 7495
6718 9131
117 6719
3577 6720
6721 9702
1013 6722
978 6723
6724 9164
6725 9660
5701 6726
4132 6727
4475 6728
69 6729
6730 8206
4293 6731
6732 9202
1345 6733
6734 6952
1161 6735
6433 6736
6737 8236
5963 6738
6739 9762
6740 7819
2089 6741
3144 6742
6743 9825
5414 6744
1821 6745
6746 7438
6747 9575
6748 7765
3583 6749
3553 6750
3747 6751
3261 6752
385 6753
6343 6754
3266 6755
268 6756
272 6757
4441 6758
5569 6759
5598 6760
2306 6761
6032 6762
6763 9898
6764 9772
6103 6765
6766 9416
252 6767
6768 7175
2327 6769
6770 8349
4148 6771
6772 9254
5778 6773
5224 6774
2291 6775
2430 6776
5184 6777
6778 8295
2050 6779
1315 6780
6781 7548
1885 6782
6783 8147
6032 6784
6785 8272
5730 6786
494 6787
6788 7624
4834 6789
6790 9081
6791 9714
6239 6792
3775 6793
6794 6845
6795 7085
6796 9775
6317 6797
3783 6798
488 6799
4659 6800
19 6801
4306 6802
844 6803
3477 6804
6805 8801
5113 6806
6807 9843
6808 7465
3591 6809
1020 6810
6811 9155
1960 6812
4201 6813
6814 8895
2990 6815
4956 6816
6817 8449
3314 6818
1012 6819
3628 6820
6821 7093
5288 6822
670 6823
3218 6824
5196 6825
1551 6826
5906 6827
6828 6926
1767 6829
3616 6830
6072 6831
5344 6832
5160 6833
2693 6834
3405 6835
2608 6836
6182 6837
2008 6838
6839 8671
1733 6840
5726 6841
6842 8928
6843 9449
4244 6844
5083 6845
979 6846
4418 6847
6304 6848
6849 9894
6528 6850
6851 9345
6852 9060
208 6853
6646 6854
5985 6855
6856 9047
6857 7201
6858 9771
6859 9612
6860 9557
6393 6861
479 6862
6863 9465
775 6864
6865 9196
2034 6866
23 6867
6868 8881
6869 7921
3899 6870
6871 9615
6872 9753
3829 6873
6874 9472
6875 7599
3499 6876
263 6877
6557 6878
3622 6879
6880 7758
5606 6881
3838 6882
459 6883
3366 6884
6885 9790
6886 7263
31 6887
3420 6888
6015 6889
1883 6890
6702 6891
1588 6892
4559 6893
5596 6894
1159 6895
6896 7755
6129 6897
5081 6898
2215 6899
6524 6900
909 6901
5874 6902
2205 6903
1151 6904
1440 6905
6906 7056
4888 6907
3713 6908
6885 6909
6910 7094
1778 6911
4459 6912
3982 6913
6914 9578
3064 6915
4491 6916
6917 7435
1775 6918
4704 6919
5323 6920
6921 8378
794 6922
1197 6923
235 6924
6925 9453
6926 8341
5429 6927
6928 8000
6929 6931
3616 6930
3094 6931
6932 9511
6664 6933
6241 6934
3024 6935
6936 8362
303 6937
5632 6938
4698 6939
4658 6940
6941 9378
6031 6942
3489 6943
741 6944
2482 6945
728 6946
1974 6947
2625 6948
4941 6949
2030 6950
6951 7144
5095 6952
2615 6953
2216 6954
6955 7513
6956 8470
5262 6957
6958 8874
4499 6959
6879 6960
6531 6961
6962 7683
6963 9256
924 6964
4531 6965
6966 9873
6967 8942
2966 6968
2766 6969
5535 6970
4930 6971
3283 6972
5064 6973
1455 6974
6975 8616
6976 7425
6977 7649
4072 6978
6979 9181
6152 6980
4484 6981
6982 7933
3257 6983
4458 6984
1505 6985
5565 6986
4411 6987
5797 6988
1961 6989
1207 6990
6991 9315
1558 6992
1799 6993
3991 6994
3560 6995
4749 6996
6997 9573
1059 6998
1100 6999
7000 7628
1929 7001
7002 7193
6364 7003
4911 7004
5822 7005
370 7006
5140 7007
3858 7008
7009 9860
3053 7010
1920 7011
1067 7012
7013 7924
6508 7014
679 7015
3518 7016
7017 9569
7018 9147
2070 7019
7001 7020
1549 7021
240 7022
6208 7023
7024 8999
253 7025
6963 7026
2515 7027
4064 7028
7029 9562
7030 7213
1626 7031
4552 7032
6200 7033
3949 7034
5721 7035
7036 8949
7037 7255
6709 7038
5558 7039
3522 7040
7041 7818
503 7042
7043 9799
3537 7044
7045 8123
7046 8718
4227 7047
5446 7048
3970 7049
4284 7050
7051 8399
1995 7052
2567 7053
7054 7406
6186 7055
1923 7056
1595 7057
7058 8998
4270 7059
7060 9914
3292 7061
6580 7062
5236 7063
358 7064
6779 7065
7066 7240
7067 8966
2894 7068
6901 7069
7070 9179
1774 7071
276 7072
2771 7073
7074 9173
4784 7075
1307 7076
4179 7077
431 7078
3954 7079
7080 8805
1990 7081
7082 7981
7083 9228
1814 7084
7085 9912
4996 7086
5411 7087
4203 7088
4294 7089
5206 7090
7088 7091
1965 7092
2114 7093
1532 7094
4945 7095
2028 7096
4882 7097
6534 7098
7099 8483
7100 9407
1555 7101
7102 7940
5459 7103
4875 7104
7105 7152
1483 7106
3674 7107
5694 7108
2930 7109
5536 7110
3177 7111
3446 7112
5709 7113
6332 7114
6447 7115
1948 7116
6881 7117
3819 7118
7119 8649
5087 7120
5968 7121
7122 8077
6716 7123
1239 7124
7125 8510
7126 7556
4908 7127
6723 7128
4235 7129
41 7130
5520 7131
3878 7132
2977 7133
5664 7134
118 7135
7136 7225
4295 7137
4991 7138
7139 9848
1336 7140
3815 7141
4357 7142
2708 7143
3539 7144
2038 7145
7146 8931
2161 7147
5107 7148
7149 8953
4897 7150
7151 9418
994 7152
2972 7153
7154 9723
6774 7155
7156 7629
460 7157
3655 7158
5707 7159
2186 7160
6955 7161
5693 7162
7163 9100
6267 7164
6613 7165
6825 7166
7167 8172
853 7168
833 7169
6916 7170
4866 7171
6214 7172
4998 7173
7174 9637
7175 9995
7176 9559
6197 7177
3923 7178
5652 7179
3008 7180
324 7181
1138 7182
1401 7183
2085 7184
7185 9939
2784 7186
7187 7973
1736 7188
759 7189
2749 7190
4152 7191
7192 7428
7193 7857
7194 9534
568 7195
3578 7196
2859 7197
3689 7198
138 7199
3399 7200
7201 7909
2211 7202
171 7203
357 7204
1924 7205
7206 9057
912 7207
2600 7208
1425 7209
7210 9122
1750 7211
3474 7212
925 7213
5079 7214
7215 9169
6738 7216
6697 7217
3590 7218
7219 8158
7220 8685
7221 8697
4097 7222
6626 7223
20 7224
2959 7225
258 7226
1254 7227
5272 7228
7204 7229
4783 7230
7231 8577
5812 7232
1418 7233
7234 8387
7235 9960
6544 7236
2285 7237
7238 7975
6739 7239
7240 8530
7241 7263
2878 7242
3272 7243
6211 7244
1567 7245
7246 9809
4964 7247
1887 7248
6375 7249
7250 9651
7251 9137
3740 7252
7253 9770
7254 9092
4612 7255
7256 9210
7257 9773
7258 8176
3578 7259
7260 8012
7261 9711
6213 7262
1539 7263
3860 7264
7265 7896
7266 8620
1230 7267
7268 8406
7130 7269
7270 9179
3629 7271
7154 7272
1402 7273
7274 9520
7275 9172
7276 9035
7277 9436
2044 7278
7279 8189
2307 7280
7281 9464
2671 7282
4413 7283
7284 9707
7285 9447
7286 7997
4267 7287
2915 7288
1754 7289
1677 7290
5880 7291
1367 7292
7293 7989
3134 7294
7295 9336
5802 7296
4193 7297
7298 7499
7299 8735
6010 7300
191 7301
4068 7302
5486 7303
645 7304
7305 7836
780 7306
1593 7307
2348 7308
3584 7309
5977 7310
1509 7311
7312 7519
6103 7313
1267 7314
3754 7315
4350 7316
5758 7317
3627 7318
7319 7351
7320 8788
4202 7321
1268 7322
694 7323
7160 7324
7325 7495
2830 7326
7327 9118
6081 7328
7329 9125
2097 7330
2509 7331
1056 7332
5843 7333
7334 8091
5717 7335
7336 8424
6815 7337
317 7338
755 7339
3018 7340
7341 7825
2912 7342
5365 7343
3315 7344
7066 7345
5622 7346
7347 9368
7348 9236
7349 9767
4407 7350
4200 7351
1183 7352
3964 7353
1093 7354
6741 7355
4742 7356
2544 7357
301 7358
5835 7359
7360 8327
1168 7361
7362 8868
3524 7363
7364 9127
5241 7365
1487 7366
7367 9062
3704 7368
6292 7369
7370 9349
6707 7371
1835 7372
3229 7373
3418 7374
2477 7375
7376 9999
7377 7505
1326 7378
6996 7379
1998 7380
3695 7381
7382 8436
7383 9793
7384 8688
2751 7385
7386 7935
5931 7387
7388 8209
2659 7389
6106 7390
77 7391
7392 9084
2123 7393
4012 7394
3904 7395
109 7396
4110 7397
5311 7398
4704 7399
1876 7400
5873 7401
7402 8566
7403 8803
7404 7912
2362 7405
7406 7576
1177 7407
2880 7408
6599 7409
332 7410
1904 7411
7412 8587
1412 7413
4193 7414
2887 7415
2237 7416
922 7417
4249 7418
7419 8577
5656 7420
4213 7421
3605 7422
1190 7423
7424 7891
1660 7425
5095 7426
606 7427
5527 7428
2709 7429
1294 7430
7431 9684
7432 8583
727 7433
3402 7434
1868 7435
6934 7436
5299 7437
948 7438
7439 9502
7440 8484
3461 7441
2621 7442
1025 7443
7444 9883
7445 9311
1178 7446
7447 8389
2736 7448
7100 7449
6800 7450
7451 8104
4449 7452
7453 7650
7454 7678
6009 7455
5218 7456
4826 7457
5503 7458
3531 7459
7460 8662
7393 7461
7462 7809
7147 7463
4833 7464
4883 7465
3798 7466
6473 7467
7468 8304
4230 7469
4109 7470
6369 7471
2101 7472
482 7473
5362 7474
6920 7475
7476 7651
4162 7477
6308 7478
6711 7479
2808 7480
5927 7481
2592 7482
267 7483
7484 8550
7358 7485
7486 8471
6395 7487
5974 7488
3828 7489
6636 7490
1275 7491
3873 7492
679 7493
2578 7494
7495 7580
7496 8212
6389 7497
1477 7498
7499 8508
5458 7500
7501 9659
4060 7502
7124 7503
4313 7504
5478 7505
7506 7634
7507 8609
4937 7508
6080 7509
793 7510
3856 7511
4726 7512
7513 9921
7514 8194
7515 9200
427 7516
7517 7597
7518 8223
7333 7519
6301 7520
7521 8007
7522 9996
6378 7523
5109 7524
7168 7525
7526 8185
7527 8794
3370 7528
2928 7529
2084 7530
673 7531
4804 7532
7533 9205
584 7534
7535 9246
5247 7536
5287 7537
1923 7538
1014 7539
7492 7540
3542 7541
6097 7542
458 7543
5405 7544
7545 9659
2783 7546
7480 7547
6777 7548
7549 8791
5128 7550
5210 7551
2573 7552
48 7553
2746 7554
7555 7705
6450 7556
2991 7557
3212 7558
6125 7559
2870 7560
1287 7561
3878 7562
1334 7563
3246 7564
7565 8698
7332 7566
6814 7567
4443 7568
1910 7569
2596 7570
1625 7571
6154 7572
111 7573
304 7574
7575 9906
62 7576
7577 9748
6657 7578
5813 7579
4496 7580
4633 7581
7582 9223
6589 7583
4798 7584
7345 7585
7586 9268
173 7587
7588 9078
7589 9662
7590 8539
6867 7591
974 7592
7593 9793
4087 7594
4107 7595
6106 7596
1372 7597
1604 7598
4500 7599
4818 7600
7601 8400
5778 7602
5525 7603
7604 8007
567 7605
3851 7606
49 7607
7097 7608
7609 9321
7610 9961
5636 7611
5273 7612
5811 7613
765 7614
742 7615
2612 7616
7617 7666
6337 7618
1317 7619
6503 7620
7621 8967
7622 9486
2661 7623
2684 7624
581 7625
7626 8253
7627 7873
4922 7628
6164 7629
7396 7630
5562 7631
7122 7632
705 7633
915 7634
4952 7635
4657 7636
5542 7637
918 7638
2082 7639
7640 8369
848 7641
4659 7642
3944 7643
7605 7644
967 7645
7646 9845
1628 7647
651 7648
6898 7649
7650 8937
5068 7651
7652 8067
7155 7653
2681 7654
7528 7655
2174 7656
6605 7657
6980 7658
3508 7659
4000 7660
4924 7661
6897 7662
2891 7663
2733 7664
3505 7665
7496 7666
408 7667
2137 7668
3985 7669
5768 7670
2277 7671
7672 9264
1450 7673
4298 7674
3241 7675
7282 7676
7677 8345
3616 7678
2763 7679
7680 9387
7681 9300
2696 7682
7609 7683
4233 7684
717 7685
4513 7686
446 7687
3258 7688
5118 7689
7690 7704
7691 8624
222 7692
6059 7693
7694 8737
182 7695
7696 8407
6134 7697
7578 7698
1717 7699
4873 7700
4001 7701
2259 7702
4701 7703
30 7704
6662 7705
4229 7706
7707 9101
882 7708
7709 9123
456 7710
465 7711
1349 7712
7713 8890
5602 7714
5269 7715
7716 8778
692 7717
619 7718
7719 8608
1667 7720
7721 8260
5360 7722
3240 7723
6090 7724
1606 7725
6671 7726
7727 9016
5261 7728
1334 7729
7730 8914
7731 9176
5055 7732
9 7733
3678 7734
7735 7960
1605 7736
7737 9251
7738 9038
7739 9858
7740 8726
7171 7741
3871 7742
7528 7743
7744 9176
5823 7745
6834 7746
7747 9932
1375 7748
4298 7749
4516 7750
4626 7751
7752 7874
6163 7753
3728 7754
7680 7755
7756 9296
5670 7757
5266 7758
7759 8787
7267 7760
3246 7761
2987 7762
6917 7763
5770 7764
7765 8749
1683 7766
7227 7767
7768 8505
7769 8036
4341 7770
7771 8592
4836 7772
5343 7773
7774 8024
3634 7775
1173 7776
429 7777
4663 7778
3233 7779
2796 7780
3988 7781
7782 9639
7783 8661
4382 7784
4348 7785
7786 9063
6280 7787
4596 7788
3948 7789
7238 7790
281 7791
329 7792
7793 7893
3417 7794
4003 7795
6338 7796
7518 7797
7798 9599
1792 7799
2249 7800
5200 7801
6855 7802
5846 7803
5710 7804
932 7805
7742 7806
434 7807
2972 7808
6871 7809
230 7810
863 7811
7812 7880
7813 8026
2542 7814
7049 7815
1548 7816
6959 7817
4922 7818
3830 7819
7820 8630
7821 8983
7822 8345
6055 7823
5581 7824
7825 8069
7826 8790
2799 7827
7828 9751
3493 7829
3787 7830
7831 9549
818 7832
3355 7833
851 7834
7641 7835
7836 8115
7837 9289
4741 7838
6151 7839
7840 8177
280 7841
6440 7842
1007 7843
3892 7844
7845 7984
4863 7846
5917 7847
353 7848
7483 7849
3116 7850
2167 7851
3544 7852
290 7853
7854 8713
100 7855
4494 7856
7694 7857
5692 7858
5195 7859
7860 9334
7861 8548
2901 7862
7863 9470
1073 7864
1233 7865
6867 7866
549 7867
6346 7868
3774 7869
3958 7870
2825 7871
908 7872
2210 7873
7261 7874
7875 8275
3642 7876
7877 9428
5180 7878
3437 7879
5058 7880
5532 7881
6386 7882
5978 7883
7174 7884
4851 7885
6412 7886
5459 7887
6221 7888
7824 7889
4498 7890
1170 7891
1130 7892
4532 7893
7894 8412
1137 7895
5816 7896
7897 9907
7898 9172
7231 7899
2361 7900
4992 7901
6184 7902
3248 7903
7904 9478
6844 7905
982 7906
7907 9676
3928 7908
2112 7909
7910 9512
3872 7911
2926 7912
5303 7913
7914 9538
3106 7915
6540 7916
7917 9805
1766 7918
4461 7919
6759 7920
6388 7921
2423 7922
3655 7923
3114 7924
7725 7925
4337 7926
7927 9610
4298 7928
7929 8882
3464 7930
27 7931
101 7932
1282 7933
1431 7934
829 7935
7936 9986
6482 7937
7938 9533
789 7939
6480 7940
7941 8075
3536 7942
6841 7943
7907 7944
3900 7945
6 7946
7947 9544
7948 9316
312 7949
7950 8110
2180 7951
1105 7952
7953 8625
7954 8022
6417 7955
224 7956
7957 8479
481 7958
4533 7959
2497 7960
7961 9457
1746 7962
3660 7963
7964 9940
3112 7965
7133 7966
744 7967
5117 7968
6594 7969
1000 7970
4231 7971
4462 7972
7461 7973
899 7974
2446 7975
7146 7976
361 7977
7978 8546
7979 9310
1632 7980
3459 7981
5397 7982
7058 7983
1982 7984
6179 7985
7986 9400
6603 7987
7988 9630
3339 7989
762 7990
1358 7991
5647 7992
3337 7993
7600 7994
7995 9791
5237 7996
7997 8992
4053 7998
514 7999
8000 8072
632 8001
7449 8002
2100 8003
3586 8004
3662 8005
8006 9038
6810 8007
8008 9202
1458 8009
6074 8010
8011 8040
2769 8012
5865 8013
8014 8357
5512 8015
2010 8016
5432 8017
8018 8666
593 8019
7325 8020
1381 8021
6037 8022
2438 8023
1575 8024
7724 8025
3350 8026
8027 8806
8028 9657
8029 8069
7075 8030
2695 8031
4365 8032
4333 8033
8034 8851
6812 8035
8036 8907
7870 8037
6425 8038
2368 8039
7965 8040
1311 8041
8042 8971
8043 9722
6453 8044
1076 8045
6249 8046
5557 8047
2752 8048
1592 8049
2187 8050
6511 8051
2675 8052
3773 8053
7702 8054
8055 8694
4759 8056
4340 8057
8058 9694
2115 8059
4082 8060
2180 8061
2046 8062
4259 8063
7926 8064
1615 8065
7750 8066
8067 8621
114 8068
8069 9672
6180 8070
3820 8071
1597 8072
3686 8073
230 8074
382 8075
2078 8076
5924 8077
4866 8078
4331 8079
6422 8080
633 8081
8082 9053
1420 8083
1694 8084
8085 9363
3173 8086
4531 8087
3368 8088
1521 8089
7083 8090
8091 9437
4587 8092
8093 9566
4984 8094
158 8095
2520 8096
8097 8512
2476 8098
7328 8099
2321 8100
5484 8101
8102 9116
4026 8103
1348 8104
4279 8105
3842 8106
6755 8107
8108 8332
6681 8109
7043 8110
7137 8111
2199 8112
7602 8113
6660 8114
7077 8115
8113 8116
4781 8117
6824 8118
3000 8119
7526 8120
5639 8121
7154 8122
2056 8123
8124 9067
8125 8963
4980 8126
8127 8446
5964 8128
1195 8129
8130 9992
2924 8131
4946 8132
5261 8133
769 8134
2248 8135
2072 8136
1531 8137
6494 8138
270 8139
8140 9445
5547 8141
8142 8586
8143 8150
381 8144
4683 8145
2421 8146
8147 8401
6606 8148
4044 8149
298 8150
4716 8151
834 8152
6141 8153
3535 8154
2242 8155
4270 8156
3043 8157
8158 8833
7264 8159
7828 8160
6339 8161
5041 8162
5664 8163
5512 8164
3121 8165
4502 8166
7250 8167
8168 8431
8169 9782
2360 8170
3138 8171
1966 8172
8173 9513
5369 8174
953 8175
6509 8176
6239 8177
3972 8178
5576 8179
3134 8180
2317 8181
3017 8182
8183 8554
1549 8184
3521 8185
7433 8186
3444 8187
8188 8673
4247 8189
8190 9145
2851 8191
8192 8352
5109 8193
4996 8194
1864 8195
7400 8196
3894 8197
8198 8521
7903 8199
8200 9559
318 8201
5034 8202
7684 8203
621 8204
1180 8205
8106 8206
169 8207
8208 9132
2584 8209
8210 9243
4388 8211
2686 8212
3902 8213
893 8214
8215 8226
623 8216
5663 8217
7245 8218
6135 8219
3305 8220
2864 8221
5680 8222
5858 8223
6796 8224
7625 8225
7470 8226
8227 9604
1305 8228
3953 8229
1913 8230
4048 8231
8232 8842
2730 8233
5826 8234
7248 8235
3961 8236
247 8237
447 8238
2974 8239
7872 8240
7817 8241
3714 8242
2707 8243
8244 9853
2622 8245
6490 8246
8247 9551
4876 8248
2086 8249
5004 8250
7397 8251
6902 8252
6220 8253
1272 8254
5950 8255
7584 8256
4705 8257
7253 8258
4013 8259
7917 8260
3723 8261
8262 8984
4760 8263
8264 9977
5129 8265
8266 9244
4222 8267
4068 8268
830 8269
5507 8270
8271 9779
2383 8272
498 8273
7200 8274
1082 8275
1709 8276
1423 8277
8278 9328
1308 8279
1860 8280
7285 8281
7902 8282
3516 8283
5603 8284
3473 8285
6374 8286
5709 8287
5982 8288
8210 8289
8290 8413
3672 8291
8292 8770
6436 8293
4457 8294
3380 8295
4514 8296
3488 8297
4232 8298
8299 8650
5799 8300
6266 8301
8224 8302
6911 8303
8044 8304
5440 8305
7510 8306
1437 8307
8308 8827
2761 8309
1233 8310
7832 8311
2759 8312
5508 8313
6956 8314
2487 8315
8316 9002
8317 9314
6176 8318
514 8319
6745 8320
2763 8321
886 8322
8323 9014
378 8324
7393 8325
3583 8326
8327 9312
3625 8328
5351 8329
1494 8330
6658 8331
7188 8332
2320 8333
5007 8334
8335 8651
54 8336
1587 8337
8338 8683
4492 8339
1960 8340
2282 8341
8207 8342
7943 8343
4311 8344
3620 8345
6290 8346
127 8347
2223 8348
6464 8349
3910 8350
6437 8351
3918 8352
2481 8353
4871 8354
5813 8355
3256 8356
5344 8357
7731 8358
1304 8359
202 8360
2829 8361
2950 8362
6177 8363
7129 8364
3081 8365
4668 8366
2246 8367
402 8368
5801 8369
3209 8370
7290 8371
8372 9505
759 8373
2852 8374
8375 8655
8376 9897
6262 8377
8378 9987
1735 8379
5682 8380
7149 8381
2551 8382
7768 8383
3110 8384
8385 8594
4451 8386
8068 8387
1078 8388
3613 8389
3171 8390
7389 8391
8392 9258
4216 8393
8394 9283
8395 8682
5444 8396
5352 8397
938 8398
2981 8399
2690 8400
4189 8401
7148 8402
6489 8403
5466 8404
8037 8405
5322 8406
6552 8407
7669 8408
6240 8409
6166 8410
3731 8411
1595 8412
3279 8413
7487 8414
542 8415
8416 8733
4927 8417
128 8418
8419 9043
4126 8420
6224 8421
8422 9151
4431 8423
917 8424
4887 8425
4046 8426
3334 8427
919 8428
5892 8429
8430 8661
5002 8431
219 8432
8433 9068
5995 8434
8435 9583
4481 8436
4989 8437
7622 8438
6609 8439
1347 8440
7201 8441
3562 8442
8443 8727
397 8444
1756 8445
2715 8446
569 8447
4466 8448
3439 8449
6687 8450
6441 8451
7734 8452
8453 9629
4379 8454
1663 8455
3716 8456
8457 9286
1741 8458
1877 8459
1697 8460
8461 9415
3739 8462
3032 8463
7116 8464
6016 8465
6942 8466
1320 8467
4105 8468
8469 9547
6922 8470
634 8471
8184 8472
6616 8473
3241 8474
971 8475
7893 8476
4553 8477
5032 8478
7498 8479
2975 8480
8481 9362
5382 8482
7351 8483
1789 8484
8169 8485
5730 8486
4649 8487
7055 8488
3671 8489
6018 8490
6622 8491
2507 8492
6807 8493
8494 8885
8495 9033
1742 8496
2733 8497
8498 9869
5424 8499
3833 8500
2552 8501
1309 8502
7833 8503
8504 8930
2372 8505
3915 8506
3868 8507
1035 8508
5763 8509
6035 8510
7314 8511
3481 8512
5514 8513
3670 8514
5408 8515
8516 8852
4266 8517
2352 8518
3166 8519
8520 9967
2300 8521
5200 8522
7582 8523
3137 8524
1805 8525
4671 8526
6831 8527
3340 8528
3220 8529
4935 8530
8531 9532
3389 8532
2241 8533
8534 9870
4338 8535
2888 8536
3646 8537
1826 8538
8235 8539
6606 8540
49 8541
6039 8542
8543 8674
6717 8544
1692 8545
5716 8546
7706 8547
8108 8548
3225 8549
5241 8550
4599 8551
6543 8552
943 8553
7304 8554
2206 8555
1537 8556
8557 9062
1356 8558
5806 8559
4884 8560
2269 8561
4393 8562
6114 8563
1661 8564
5704 8565
6570 8566
2616 8567
6314 8568
895 8569
8570 9980
5915 8571
6684 8572
4604 8573
78 8574
5630 8575
8576 8903
3581 8577
3331 8578
8579 9031
7359 8580
8581 8765
8582 9951
4008 8583
5805 8584
7420 8585
8586 9801
8028 8587
6396 8588
8109 8589
5141 8590
2648 8591
2562 8592
2473 8593
680 8594
3032 8595
5259 8596
1300 8597
5446 8598
2438 8599
733 8600
4630 8601
6403 8602
5984 8603
650 8604
3364 8605
4363 8606
8607 9706
8608 9431
2905 8609
3434 8610
5228 8611
2448 8612
8613 9983
4597 8614
8615 9069
637 8616
2058 8617
8618 9051
56 8619
6960 8620
1119 8621
6895 8622
5289 8623
8624 9197
8364 8625
8564 8626
6325 8627
8628 9666
1149 8629
2258 8630
7777 8631
3689 8632
5111 8633
6475 8634
5333 8635
265 8636
4540 8637
2529 8638
1862 8639
4198 8640
7823 8641
3615 8642
1338 8643
3834 8644
3993 8645
7682 8646
5669 8647
2705 8648
2789 8649
8650 9255
2381 8651
3510 8652
285 8653
1600 8654
3213 8655
4903 8656
8255 8657
2098 8658
1193 8659
2904 8660
4872 8661
2866 8662
7161 8663
8664 9846
8665 8796
4517 8666
4328 8667
3386 8668
2235 8669
7989 8670
360 8671
8672 8962
8673 8708
6667 8674
7243 8675
1051 8676
8677 9648
2252 8678
5070 8679
7145 8680
8231 8681
7421 8682
577 8683
8565 8684
2146 8685
2160 8686
3636 8687
8471 8688
1049 8689
3484 8690
1703 8691
1981 8692
6259 8693
4286 8694
7313 8695
2903 8696
2325 8697
2426 8698
6849 8699
3178 8700
5656 8701
3601 8702
2861 8703
6093 8704
6551 8705
7632 8706
8707 9434
8708 9109
8709 9720
8024 8710
8300 8711
761 8712
8280 8713
8714 9731
7658 8715
7322 8716
6748 8717
7811 8718
3346 8719
6641 8720
6886 8721
8043 8722
3959 8723
7270 8724
7070 8725
3804 8726
735 8727
5939 8728
7573 8729
8202 8730
460 8731
3813 8732
4015 8733
5621 8734
2844 8735
8139 8736
8556 8737
1488 8738
8739 8956
1197 8740
2088 8741
6357 8742
2358 8743
3314 8744
8626 8745
4757 8746
3285 8747
8693 8748
3523 8749
3668 8750
3797 8751
4285 8752
7970 8753
2427 8754
701 8755
2442 8756
7241 8757
1141 8758
5412 8759
3016 8760
3379 8761
3747 8762
5956 8763
8054 8764
3401 8765
2955 8766
1379 8767
1848 8768
8005 8769
8607 8770
4745 8771
7537 8772
8773 8973
6092 8774
3788 8775
8679 8776
7112 8777
5809 8778
7878 8779
8572 8780
8781 9115
2613 8782
3856 8783
5155 8784
540 8785
8786 9482
6845 8787
1789 8788
8789 9862
1031 8790
8113 8791
2365 8792
7543 8793
7967 8794
5343 8795
8463 8796
7847 8797
773 8798
7118 8799
7503 8800
1364 8801
6791 8802
5910 8803
7266 8804
8805 9644
5168 8806
8773 8807
8808 9486
806 8809
3469 8810
2957 8811
8812 9050
1563 8813
5744 8814
8815 9209
5505 8816
5686 8817
7520 8818
5016 8819
5948 8820
5810 8821
7177 8822
2810 8823
5578 8824
6833 8825
6197 8826
3532 8827
8828 9561
8829 9864
7621 8830
5036 8831
7781 8832
5932 8833
7284 8834
5728 8835
3232 8836
1353 8837
7965 8838
155 8839
1405 8840
6995 8841
2773 8842
8604 8843
5290 8844
809 8845
8434 8846
1795 8847
2945 8848
8824 8849
3136 8850
5297 8851
1215 8852
2694 8853
5558 8854
7844 8855
343 8856
4492 8857
1240 8858
8859 8984
2292 8860
5099 8861
7039 8862
5304 8863
5852 8864
1062 8865
3432 8866
4900 8867
5826 8868
5919 8869
8870 9719
8329 8871
4204 8872
1530 8873
8180 8874
7522 8875
1906 8876
734 8877
7567 8878
5926 8879
803 8880
960 8881
7121 8882
2986 8883
3614 8884
4598 8885
7631 8886
8887 9831
96 8888
60 8889
7719 8890
6708 8891
4852 8892
8818 8893
7969 8894
5406 8895
5719 8896
3665 8897
5785 8898
4299 8899
1980 8900
7007 8901
35 8902
578 8903
5646 8904
4762 8905
2376 8906
84 8907
7744 8908
584 8909
1992 8910
6618 8911
3734 8912
5295 8913
7778 8914
235 8915
8179 8916
8776 8917
5362 8918
8259 8919
7775 8920
8135 8921
6669 8922
6848 8923
8710 8924
6865 8925
1172 8926
3735 8927
2001 8928
5996 8929
4820 8930
8188 8931
8932 9268
3925 8933
4243 8934
5202 8935
8936 9146
147 8937
2360 8938
4602 8939
8395 8940
4890 8941
576 8942
8654 8943
1586 8944
3963 8945
6111 8946
8947 9456
8125 8948
6351 8949
1077 8950
536 8951
1715 8952
6646 8953
6385 8954
8248 8955
8799 8956
1869 8957
5718 8958
8959 9546
4348 8960
656 8961
4660 8962
3491 8963
448 8964
8965 9605
6334 8966
6918 8967
80 8968
1989 8969
7560 8970
4934 8971
6498 8972
4902 8973
890 8974
6585 8975
7251 8976
8977 9856
2779 8978
4968 8979
6455 8980
2541 8981
6315 8982
7000 8983
3015 8984
8985 9199
4432 8986
3219 8987
6377 8988
8989 9554
1436 8990
2083 8991
3894 8992
393 8993
8994 9725
3060 8995
7593 8996
345 8997
7220 8998
3395 8999
2823 9000
9001 9812
464 9002
5690 9003
5044 9004
5779 9005
139 9006
6519 9007
450 9008
1198 9009
657 9010
1028 9011
4853 9012
2484 9013
1565 9014
7565 9015
627 9016
3234 9017
8766 9018
9019 9615
7640 9020
2328 9021
9022 9656
7701 9023
8501 9024
630 9025
7458 9026
1613 9027
2018 9028
2144 9029
6355 9030
5480 9031
2499 9032
509 9033
7847 9034
7446 9035
4641 9036
8960 9037
8092 9038
8784 9039
3096 9040
3567 9041
9042 9626
3683 9043
7741 9044
7126 9045
1332 9046
6825 9047
2642 9048
1398 9049
3900 9050
4584 9051
3555 9052
2539 9053
7922 9054
4479 9055
2208 9056
5563 9057
1064 9058
6330 9059
5415 9060
9061 9440
4102 9062
7337 9063
8160 9064
3153 9065
9066 9285
9067 9337
7834 9068
5497 9069
8136 9070
1199 9071
9072 9702
4912 9073
3719 9074
1678 9075
5218 9076
8922 9077
9078 9567
334 9079
8215 9080
1115 9081
8206 9082
7389 9083
8129 9084
192 9085
5930 9086
1489 9087
2468 9088
6951 9089
5864 9090
8558 9091
5705 9092
9093 9221
6183 9094
4612 9095
2474 9096
4601 9097
8255 9098
2725 9099
7610 9100
4746 9101
588 9102
4413 9103
8612 9104
1075 9105
7770 9106
8539 9107
4774 9108
3369 9109
197 9110
8436 9111
2224 9112
4761 9113
1080 9114
4979 9115
3903 9116
1126 9117
7316 9118
1760 9119
7364 9120
9121 9969
7434 9122
6757 9123
8900 9124
9125 9784
5265 9126
5759 9127
5204 9128
6380 9129
6024 9130
7402 9131
8697 9132
7787 9133
9134 9297
8711 9135
4043 9136
7820 9137
307 9138
2970 9139
9140 9348
62 9141
6965 9142
1167 9143
5441 9144
2549 9145
394 9146
4510 9147
3443 9148
2382 9149
7603 9150
3388 9151
7791 9152
5781 9153
4600 9154
2881 9155
5935 9156
2899 9157
7799 9158
1831 9159
3637 9160
6872 9161
8288 9162
9163 9451
5166 9164
1344 9165
390 9166
5148 9167
9168 9988
6449 9169
386 9170
8365 9171
2296 9172
2713 9173
3737 9174
2993 9175
955 9176
9177 9376
391 9178
8330 9179
651 9180
7619 9181
8440 9182
6323 9183
3763 9184
6690 9185
7413 9186
1696 9187
103 9188
1091 9189
5324 9190
7625 9191
5850 9192
5904 9193
0 9194
158 9195
356 9196
4957 9197
801 9198
122 9199
3063 9200
5483 9201
814 9202
6749 9203
2766 9204
532 9205
5084 9206
110 9207
9208 9882
6544 9209
9210 9361
8284 9211
363 9212
6522 9213
6094 9214
600 9215
8570 9216
344 9217
9218 9628
6269 9219
5833 9220
3371 9221
1012 9222
3194 9223
1584 9224
6291 9225
5873 9226
9227 9983
7150 9228
9229 9308
321 9230
4953 9231
266 9232
4988 9233
7706 9234
9235 9337
1328 9236
8739 9237
3216 9238
4548 9239
3264 9240
2405 9241
8203 9242
6698 9243
4080 9244
5335 9245
5756 9246
3235 9247
5479 9248
7780 9249
1172 9250
8909 9251
4857 9252
8480 9253
8266 9254
4237 9255
9256 9424
6908 9257
339 9258
3188 9259
8902 9260
5700 9261
7637 9262
8854 9263
1791 9264
8401 9265
4265 9266
8625 9267
9268 9284
7481 9269
1680 9270
9271 9350
7057 9272
7275 9273
7258 9274
747 9275
145 9276
140 9277
5043 9278
994 9279
8124 9280
4312 9281
628 9282
2500 9283
1171 9284
3505 9285
8014 9286
7412 9287
5511 9288
6318 9289
1402 9290
7884 9291
1265 9292
9293 9916
9022 9294
989 9295
4925 9296
7384 9297
6038 9298
2415 9299
8901 9300
7586 9301
9302 9721
5773 9303
7419 9304
7106 9305
3762 9306
9307 9614
3203 9308
8572 9309
5561 9310
5029 9311
5524 9312
796 9313
3531 9314
2458 9315
9316 9737
7340 9317
8998 9318
3193 9319
5550 9320
7107 9321
1032 9322
8502 9323
8993 9324
9325 9878
4343 9326
6879 9327
3025 9328
4544 9329
1882 9330
8849 9331
6804 9332
8825 9333
6231 9334
1907 9335
6827 9336
964 9337
9338 9609
177 9339
8951 9340
6231 9341
1750 9342
6425 9343
9344 9681
5794 9345
4212 9346
5575 9347
897 9348
874 9349
7752 9350
9221 9351
1077 9352
7172 9353
1729 9354
8627 9355
9356 9989
387 9357
5134 9358
7982 9359
7988 9360
4802 9361
2941 9362
6877 9363
9364 9828
7373 9365
4754 9366
7708 9367
4051 9368
7384 9369
9370 9685
3738 9371
1957 9372
6659 9373
8138 9374
7543 9375
710 9376
7099 9377
4480 9378
5056 9379
1234 9380
1616 9381
6579 9382
616 9383
1099 9384
9097 9385
4477 9386
3984 9387
5019 9388
2213 9389
411 9390
8911 9391
399 9392
4773 9393
6281 9394
9138 9395
9396 9657
9219 9397
3277 9398
5067 9399
1061 9400
8541 9401
1071 9402
7636 9403
2501 9404
5588 9405
972 9406
6683 9407
6558 9408
3947 9409
3381 9410
7358 9411
5077 9412
444 9413
7434 9414
6788 9415
4323 9416
438 9417
9190 9418
4969 9419
1136 9420
9160 9421
3298 9422
3433 9423
4937 9424
6163 9425
2537 9426
5596 9427
1722 9428
2872 9429
495 9430
5268 9431
8382 9432
8071 9433
3981 9434
6311 9435
1452 9436
708 9437
2855 9438
3421 9439
6430 9440
5766 9441
1208 9442
4904 9443
2262 9444
1823 9445
6056 9446
5716 9447
463 9448
4504 9449
2366 9450
3122 9451
8871 9452
423 9453
9454 9908
5957 9455
9456 9800
789 9457
3794 9458
9459 9689
9460 9601
3417 9461
4919 9462
8088 9463
2315 9464
8924 9465
4125 9466
975 9467
3436 9468
5342 9469
1261 9470
2603 9471
2057 9472
1662 9473
5746 9474
5047 9475
1845 9476
5676 9477
1764 9478
6070 9479
9273 9480
488 9481
9039 9482
1854 9483
2543 9484
9485 9713
8053 9486
6198 9487
511 9488
8536 9489
6161 9490
7432 9491
6715 9492
3302 9493
1511 9494
8748 9495
5069 9496
5974 9497
4687 9498
7774 9499
4196 9500
866 9501
5116 9502
5840 9503
5617 9504
5975 9505
1877 9506
6291 9507
552 9508
6532 9509
2311 9510
4368 9511
1313 9512
4245 9513
4899 9514
2181 9515
7700 9516
484 9517
795 9518
1624 9519
8481 9520
6255 9521
6362 9522
6625 9523
5696 9524
9382 9525
2933 9526
4297 9527
5747 9528
3784 9529
3933 9530
1173 9531
9460 9532
4981 9533
8254 9534
1544 9535
4302 9536
232 9537
1865 9538
132 9539
2712 9540
9389 9541
6406 9542
5248 9543
8810 9544
8605 9545
324 9546
676 9547
4408 9548
6282 9549
1006 9550
7607 9551
9174 9552
5811 9553
5829 9554
8477 9555
8240 9556
2227 9557
8097 9558
5742 9559
2163 9560
2291 9561
1779 9562
326 9563
9564 9693
4439 9565
3349 9566
9130 9567
3975 9568
8217 9569
5881 9570
5880 9571
1991 9572
3609 9573
1137 9574
8619 9575
8606 9576
1955 9577
4216 9578
1604 9579
9458 9580
6970 9581
5593 9582
2322 9583
2533 9584
2762 9585
1319 9586
554 9587
8363 9588
1022 9589
6880 9590
3965 9591
120 9592
9044 9593
1461 9594
397 9595
8366 9596
995 9597
4063 9598
7914 9599
5285 9600
6125 9601
8916 9602
5784 9603
7131 9604
199 9605
6058 9606
8623 9607
6035 9608
9474 9609
7583 9610
7000 9611
2884 9612
4829 9613
2692 9614
6565 9615
5378 9616
5147 9617
4370 9618
8070 9619
9013 9620
632 9621
3918 9622
7923 9623
7417 9624
5118 9625
8189 9626
3377 9627
1470 9628
7409 9629
6404 9630
1763 9631
4695 9632
5005 9633
544 9634
6574 9635
2111 9636
7971 9637
8036 9638
6370 9639
3750 9640
5385 9641
1594 9642
3154 9643
2946 9644
657 9645
3385 9646
9331 9647
8168 9648
9194 9649
163 9650
6476 9651
6957 9652
2130 9653
3492 9654
4621 9655
1879 9656
6037 9657
5498 9658
588 9659
8547 9660
3107 9661
2156 9662
1183 9663
4183 9664
3998 9665
7230 9666
6620 9667
7369 9668
5333 9669
5760 9670
6268 9671
5613 9672
5716 9673
3184 9674
3442 9675
5595 9676
6839 9677
1090 9678
3685 9679
8486 9680
4840 9681
6943 9682
4295 9683
4248 9684
7836 9685
544 9686
9687 9847
5584 9688
7197 9689
7751 9690
5514 9691
1279 9692
2999 9693
8532 9694
2962 9695
1308 9696
4293 9697
3085 9698
5217 9699
2723 9700
3397 9701
3317 9702
1046 9703
2397 9704
8699 9705
5013 9706
3452 9707
6300 9708
8338 9709
8216 9710
1384 9711
3337 9712
9610 9713
3695 9714
6217 9715
7516 9716
4659 9717
9195 9718
3299 9719
4238 9720
7476 9721
2207 9722
502 9723
1484 9724
15 9725
9096 9726
207 9727
5710 9728
8664 9729
1403 9730
5738 9731
3949 9732
8066 9733
9682 9734
5108 9735
7920 9736
1039 9737
3648 9738
5058 9739
6285 9740
7514 9741
2654 9742
9697 9743
1576 9744
3390 9745
1558 9746
3078 9747
5734 9748
5700 9749
4091 9750
1903 9751
2288 9752
9377 9753
2177 9754
7448 9755
4680 9756
9369 9757
5861 9758
6904 9759
1796 9760
1757 9761
87 9762
6238 9763
7929 9764
6604 9765
2706 9766
4862 9767
2308 9768
3236 9769
3270 9770
7627 9771
5120 9772
9382 9773
1192 9774
3099 9775
8437 9776
2739 9777
8013 9778
5765 9779
1530 9780
999 9781
341 9782
7071 9783
9784 9834
3853 9785
9234 9786
3181 9787
5848 9788
8543 9789
1768 9790
731 9791
1481 9792
5229 9793
7756 9794
4530 9795
5310 9796
610 9797
8258 9798
1430 9799
6742 9800
1155 9801
3307 9802
215 9803
4678 9804
4439 9805
9274 9806
7860 9807
7340 9808
2131 9809
9810 9979
9598 9811
6634 9812
817 9813
7055 9814
1926 9815
4005 9816
5025 9817
8681 9818
6538 9819
9654 9820
7681 9821
7280 9822
6807 9823
5546 9824
6321 9825
774 9826
9042 9827
9093 9828
1841 9829
1552 9830
102 9831
2040 9832
9226 9833
5198 9834
6999 9835
3109 9836
2016 9837
4839 9838
1646 9839
2289 9840
3231 9841
4075 9842
1026 9843
2585 9844
9034 9845
3926 9846
5922 9847
2168 9848
754 9849
4037 9850
517 9851
3641 9852
6073 9853
7931 9854
7314 9855
5116 9856
446 9857
8169 9858
557 9859
5751 9860
9388 9861
6263 9862
3462 9863
4275 9864
7353 9865
8341 9866
3037 9867
6758 9868
3921 9869
7222 9870
4145 9871
5877 9872
1267 9873
4205 9874
3935 9875
9644 9876
380 9877
4010 9878
8985 9879
2841 9880
7218 9881
9814 9882
5154 9883
6243 9884
1460 9885
3916 9886
7192 9887
3273 9888
1618 9889
2102 9890
3216 9891
1084 9892
667 9893
9102 9894
2036 9895
9107 9896
6202 9897
7570 9898
5450 9899
4697 9900
1737 9901
8079 9902
968 9903
8529 9904
4906 9905
3543 9906
3461 9907
2666 9908
6708 9909
8228 9910
6215 9911
4534 9912
9913 9986
8669 9914
783 9915
1871 9916
4093 9917
2960 9918
1490 9919
9718 9920
4791 9921
3790 9922
785 9923
1171 9924
6411 9925
6941 9926
949 9927
5347 9928
3557 9929
6382 9930
5708 9931
6397 9932
7643 9933
4088 9934
3021 9935
1382 9936
8568 9937
9693 9938
9939 9962
1395 9940
4419 9941
8602 9942
9752 9943
8551 9944
5462 9945
6121 9946
5499 9947
887 9948
3545 9949
7827 9950
3810 9951
822 9952
7311 9953
1210 9954
2897 9955
2668 9956
6932 9957
5946 9958
7901 9959
7342 9960
6932 9961
3423 9962
2042 9963
2396 9964
3447 9965
3146 9966
2865 9967
1985 9968
7529 9969
3770 9970
7400 9971
8473 9972
3323 9973
3550 9974
1169 9975
9083 9976
5289 9977
1768 9978
6686 9979
7676 9980
910 9981
9717 9982
6326 9983
4047 9984
1522 9985
603 9986
2468 9987
969 9988
2462 9989
2828 9990
368 9991
4391 9992
6112 9993
8012 9994
1001 9995
6930 9996
3710 9997
1278 9998
3566 9999
