127
27.1 25.8 0.3 6.4 3.2 15.4
13.3 9.3 11.7 29.5
8.4 5.9 20.4 27.6 13.4 22.6 5.5 23.1 11.9 17.5 16.6
29.0 22.9 0.1 6.4 1.8
22.3 23.9 19.5 17.5 0.2 22.7 27.8 6.8 0.8 7.0 18.5 0.2
26.9 1.0 20.5 19.4 9.3 7.9 24.9 2.4 19.8 7.2 13.9 4.1
6.7 29.2 7.5 3.5 28.0 29.8 27.4
12.1 22.5 4.9 9.8 29.3
11.8 12.7 0.8 17.0 4.4 26.8 7.4 18.7 6.1
13.5
0.0 15.7 17.3 4.1 16.8 18.9 3.3 24.3 22.4 26.2 19.0 19.7
1.0 7.0 8.3 5.8 1.2 3.9 17.6 13.9 4.7 29.5 13.2
1.7 1.9 2.5 11.9 10.3 5.9 6.8 26.0 23.2 5.9 12.7
4.1 7.0 29.4 0.2 20.9 13.9 3.6 21.9 21.0 6.9
22.6 22.2 10.8 5.0 0.9 10.4 29.4 14.1 6.8 1.0 16.0
